0,-3.000000,1.650000,0.000000
1,-2.987110,1.650000,-0.098438
2,-2.987110,1.650000,0.098438
3,-2.985380,1.567320,-0.049219
4,-2.985380,1.567320,0.049219
5,-2.983500,1.483080,0.000000
6,-2.981890,1.723470,-0.049219
7,-2.981890,1.723470,0.049219
8,-2.976560,1.798530,0.000000
9,-2.970900,1.486210,-0.098438
10,-2.970900,1.486210,0.098438
11,-2.963880,1.795340,-0.098438
12,-2.963880,1.795340,0.098438
13,-2.962210,1.570170,-0.133594
14,-2.962210,1.570170,0.133594
15,-2.958640,1.720570,-0.133594
16,-2.958640,1.720570,0.133594
17,-2.953130,1.650000,-0.168750
18,-2.953130,1.650000,0.168750
19,-2.952470,1.403740,-0.049219
20,-2.952470,1.403740,0.049219
21,-2.937700,1.494470,-0.168750
22,-2.937700,1.494470,0.168750
23,-2.935230,1.852150,-0.049219
24,-2.935230,1.852150,0.049219
25,-2.933590,1.320120,0.000000
26,-2.930450,1.786930,-0.168750
27,-2.930450,1.786930,0.168750
28,-2.930370,1.411500,-0.133594
29,-2.930370,1.411500,0.133594
30,-2.921880,1.325530,-0.098438
31,-2.921880,1.325530,0.098438
32,-2.912780,1.844170,-0.133594
33,-2.912780,1.844170,0.133594
34,-2.906250,1.910160,0.000000
35,-2.894230,1.904570,-0.098438
36,-2.894230,1.904570,0.098438
37,-2.891380,1.579100,-0.196875
38,-2.891380,1.579100,0.196875
39,-2.890990,1.339800,-0.168750
40,-2.890990,1.339800,0.168750
41,-2.890650,1.712080,-0.196875
42,-2.890650,1.712080,0.196875
43,-2.883460,1.245790,-0.048343
44,-2.883460,1.245790,0.048343
45,-2.863460,1.257130,-0.132718
46,-2.863460,1.257130,0.132718
47,-2.862660,1.434830,-0.196875
48,-2.862660,1.434830,0.196875
49,-2.862550,1.889830,-0.168750
50,-2.862550,1.889830,0.168750
51,-2.850000,1.650000,-0.225000
52,-2.850000,1.650000,0.225000
53,-2.849710,1.161550,0.000000
54,-2.847100,1.820820,-0.196875
55,-2.847100,1.820820,0.196875
56,-2.841940,1.946920,-0.049219
57,-2.841940,1.946920,0.049219
58,-2.829000,1.761400,-0.225000
59,-2.829000,1.761400,0.225000
60,-2.828670,1.175980,-0.094933
61,-2.828670,1.175980,0.094933
62,-2.824700,1.521940,-0.225000
63,-2.824700,1.521940,0.225000
64,-2.821150,1.935200,-0.133594
65,-2.821150,1.935200,0.133594
66,-2.812310,1.187190,-0.168750
67,-2.812310,1.187190,0.168750
68,-2.805010,1.289970,-0.196875
69,-2.805010,1.289970,0.196875
70,-2.797270,1.383110,-0.225000
71,-2.797270,1.383110,0.225000
72,-2.789060,1.990140,0.000000
73,-2.788360,1.699320,-0.196875
74,-2.788360,1.699320,0.196875
75,-2.778210,1.982830,-0.098438
76,-2.778210,1.982830,0.098438
77,-2.774420,1.527380,-0.196875
78,-2.774420,1.527380,0.196875
79,-2.773560,1.098600,-0.084375
80,-2.773560,1.098600,0.084375
81,-2.766410,1.845120,-0.225000
82,-2.766410,1.845120,0.225000
83,-2.760340,1.900900,-0.196875
84,-2.760340,1.900900,0.196875
85,-2.749600,1.963560,-0.168750
86,-2.749600,1.963560,0.168750
87,-2.748310,1.785700,-0.196875
88,-2.748310,1.785700,0.196875
89,-2.746880,1.650000,-0.168750
90,-2.746880,1.650000,0.168750
91,-2.731250,1.007810,0.000000
92,-2.727560,1.735870,-0.168750
93,-2.727560,1.735870,0.168750
94,-2.720360,1.690830,-0.133594
95,-2.720360,1.690830,0.133594
96,-2.719480,1.249770,-0.225000
97,-2.719480,1.249770,0.225000
98,-2.716780,1.144680,-0.196875
99,-2.716780,1.144680,0.196875
100,-2.712890,1.650000,-0.098438
101,-2.712890,1.650000,0.098438
102,-2.708990,1.541770,-0.133594
103,-2.708990,1.541770,0.133594
104,-2.703540,1.426410,-0.168750
105,-2.703540,1.426410,0.168750
106,-2.700980,1.037840,-0.168750
107,-2.700980,1.037840,0.168750
108,-2.700000,1.650000,0.000000
109,-2.699650,2.010790,-0.048346
110,-2.699650,2.010790,0.048346
111,-2.697120,1.687930,-0.049219
112,-2.697120,1.687930,0.049219
113,-2.694130,1.727460,-0.098438
114,-2.694130,1.727460,0.098438
115,-2.686620,1.546690,-0.049219
116,-2.686620,1.546690,0.049219
117,-2.682630,1.762350,-0.133594
118,-2.682630,1.762350,0.133594
119,-2.681480,1.996460,-0.132721
120,-2.681480,1.996460,0.132721
121,-2.681440,1.724270,0.000000
122,-2.675740,1.270850,-0.196875
123,-2.675740,1.270850,0.196875
124,-2.672650,1.440680,-0.098438
125,-2.672650,1.440680,0.098438
126,-2.670260,1.800400,-0.168750
127,-2.670260,1.800400,0.168750
128,-2.667800,1.846230,-0.196875
129,-2.667800,1.846230,0.196875
130,-2.662790,1.905100,-0.225000
131,-2.662790,1.905100,0.225000
132,-2.660940,1.446090,0.000000
133,-2.660180,1.754370,-0.049219
134,-2.660180,1.754370,0.049219
135,-2.638580,1.785670,-0.098438
136,-2.638580,1.785670,0.098438
137,-2.634380,1.103910,-0.225000
138,-2.634380,1.103910,0.225000
139,-2.630740,1.956740,-0.196875
140,-2.630740,1.956740,0.196875
141,-2.626560,1.780080,0.000000
142,-2.625000,2.043750,0.000000
143,-2.624640,1.305020,-0.132813
144,-2.624640,1.305020,0.132813
145,-2.606420,1.317450,-0.048438
146,-2.606420,1.317450,0.048438
147,-2.606320,2.026440,-0.094945
148,-2.606320,2.026440,0.094945
149,-2.591800,2.012990,-0.168750
150,-2.591800,2.012990,0.168750
151,-2.571730,1.834290,-0.168750
152,-2.571730,1.834290,0.168750
153,-2.567770,1.169970,-0.168750
154,-2.567770,1.169970,0.168750
155,-2.554600,1.183040,-0.095315
156,-2.554600,1.183040,0.095315
157,-2.549750,1.890590,-0.196875
158,-2.549750,1.890590,0.196875
159,-2.549540,0.878984,-0.084375
160,-2.549540,0.878984,0.084375
161,-2.546430,1.831970,-0.132721
162,-2.546430,1.831970,0.132721
163,-2.537500,1.200000,0.000000
164,-2.527210,1.819200,-0.048346
165,-2.527210,1.819200,0.048346
166,-2.518750,1.945310,-0.225000
167,-2.518750,1.945310,0.225000
168,-2.516830,0.932671,-0.196875
169,-2.516830,0.932671,0.196875
170,-2.471840,1.006490,-0.196875
171,-2.471840,1.006490,0.196875
172,-2.445700,1.877640,-0.168750
173,-2.445700,1.877640,0.168750
174,-2.439130,1.060180,-0.084375
175,-2.439130,1.060180,0.084375
176,-2.431180,1.864180,-0.094945
177,-2.431180,1.864180,0.094945
178,-2.412500,1.846870,0.000000
179,-2.388280,0.716602,0.000000
180,-2.382250,0.737663,-0.095854
181,-2.382250,0.737663,0.095854
182,-2.378840,2.052020,-0.084375
183,-2.378840,2.052020,0.084375
184,-2.377660,0.753680,-0.168750
185,-2.377660,0.753680,0.168750
186,-2.364750,0.798761,-0.199836
187,-2.364750,0.798761,0.199836
188,-2.354300,0.835254,-0.225000
189,-2.354300,0.835254,0.225000
190,-2.343840,0.871747,-0.199836
191,-2.343840,0.871747,0.199836
192,-2.341150,1.999720,-0.196875
193,-2.341150,1.999720,0.196875
194,-2.330930,0.916827,-0.168750
195,-2.330930,0.916827,0.168750
196,-2.320310,0.953906,0.000000
197,-2.289320,1.927820,-0.196875
198,-2.289320,1.927820,0.196875
199,-2.251620,1.875520,-0.084375
200,-2.251620,1.875520,0.084375
201,-2.247410,0.882285,-0.084375
202,-2.247410,0.882285,0.084375
203,-2.173630,0.844043,0.000000
204,-2.168530,0.826951,-0.097184
205,-2.168530,0.826951,0.097184
206,-2.164770,0.814364,-0.168750
207,-2.164770,0.814364,0.168750
208,-2.156880,0.786694,-0.187068
209,-2.156880,0.786694,0.187068
210,-2.156250,2.092970,0.000000
211,-2.154120,0.740520,-0.215193
212,-2.154120,0.740520,0.215193
213,-2.150170,0.694734,-0.215193
214,-2.150170,0.694734,0.215193
215,-2.147420,0.648560,-0.187068
216,-2.147420,0.648560,0.187068
217,-2.144960,0.612777,-0.132948
218,-2.144960,0.612777,0.132948
219,-2.143710,0.591789,-0.048573
220,-2.143710,0.591789,0.048573
221,-2.142330,2.058360,-0.168750
222,-2.142330,2.058360,0.168750
223,-2.111720,1.982230,-0.225000
224,-2.111720,1.982230,0.225000
225,-2.084470,0.789526,-0.048905
226,-2.084470,0.789526,0.048905
227,-2.081100,1.906090,-0.168750
228,-2.081100,1.906090,0.168750
229,-2.078340,0.770387,-0.133280
230,-2.078340,0.770387,0.133280
231,-2.067190,1.871480,0.000000
232,-2.000000,0.750000,0.000000
233,-1.995700,0.737109,-0.098438
234,-1.995700,0.737109,0.098438
235,-1.984380,0.703125,-0.168750
236,-1.984380,0.703125,0.168750
237,-1.978520,0.591650,0.000000
238,-1.969370,0.670825,-0.202656
239,-1.969370,0.670825,0.202656
240,-1.968360,0.655078,-0.210938
241,-1.968360,0.655078,0.210938
242,-1.960000,0.750000,-0.407500
243,-1.960000,0.750000,0.407500
244,-1.958730,0.925195,-0.201561
245,-1.958730,0.925195,0.201561
246,-1.957030,1.100390,0.000000
247,-1.950000,0.600000,-0.225000
248,-1.950000,0.600000,0.225000
249,-1.938950,0.591650,-0.403123
250,-1.938950,0.591650,0.403123
251,-1.931640,0.544922,-0.210938
252,-1.931640,0.544922,0.210938
253,-1.930690,0.522583,-0.198676
254,-1.930690,0.522583,0.198676
255,-1.921880,0.453516,0.000000
256,-1.917890,1.100390,-0.398745
257,-1.917890,1.100390,0.398745
258,-1.915620,0.496875,-0.168750
259,-1.915620,0.496875,0.168750
260,-1.904300,0.462891,-0.098438
261,-1.904300,0.462891,0.098438
262,-1.900000,0.450000,0.000000
263,-1.892280,0.670825,-0.593047
264,-1.892280,0.670825,0.593047
265,-1.883440,0.453516,-0.391582
266,-1.883440,0.453516,0.391582
267,-1.882060,0.925195,-0.589845
268,-1.882060,0.925195,0.589845
269,-1.881390,1.286130,-0.193602
270,-1.881390,1.286130,0.193602
271,-1.855120,0.522583,-0.581402
272,-1.855120,0.522583,0.581402
273,-1.845000,0.750000,-0.785000
274,-1.845000,0.750000,0.785000
275,-1.843750,1.471870,0.000000
276,-1.833170,1.890680,-0.084375
277,-1.833170,1.890680,0.084375
278,-1.831800,1.946490,-0.196875
279,-1.831800,1.946490,0.196875
280,-1.829920,2.023230,-0.196875
281,-1.829920,2.023230,0.196875
282,-1.828550,2.079040,-0.084375
283,-1.828550,2.079040,0.084375
284,-1.825180,0.591650,-0.776567
285,-1.825180,0.591650,0.776567
286,-1.817580,0.343945,-0.187036
287,-1.817580,0.343945,0.187036
288,-1.807750,1.286130,-0.566554
289,-1.807750,1.286130,0.566554
290,-1.806870,1.471870,-0.375664
291,-1.806870,1.471870,0.375664
292,-1.805360,1.100390,-0.768135
293,-1.805360,1.100390,0.768135
294,-1.772930,0.453516,-0.754336
295,-1.772930,0.453516,0.754336
296,-1.750000,0.234375,0.000000
297,-1.746440,0.343945,-0.547339
298,-1.746440,0.343945,0.547339
299,-1.744330,0.670825,-0.949871
300,-1.744330,0.670825,0.949871
301,-1.734910,0.925195,-0.944741
302,-1.734910,0.925195,0.944741
303,-1.715000,0.234375,-0.356563
304,-1.715000,0.234375,0.356562
305,-1.710080,0.522583,-0.931218
306,-1.710080,0.522583,0.931218
307,-1.700860,1.471870,-0.723672
308,-1.700860,1.471870,0.723672
309,-1.666400,1.286130,-0.907437
310,-1.666400,1.286130,0.907437
311,-1.662500,0.750000,-1.125000
312,-1.662500,0.750000,1.125000
313,-1.655160,1.860940,-0.170322
314,-1.655160,1.860940,0.170322
315,-1.647420,0.159961,-0.169526
316,-1.647420,0.159961,0.169526
317,-1.644640,0.591650,-1.112920
318,-1.644640,0.591650,1.112920
319,-1.626780,1.100390,-1.100830
320,-1.626780,1.100390,1.100830
321,-1.614370,0.234375,-0.686875
322,-1.614370,0.234375,0.686875
323,-1.609890,0.343945,-0.876660
324,-1.609890,0.343945,0.876660
325,-1.600000,1.875000,0.000000
326,-1.597560,0.453516,-1.081060
327,-1.597560,0.453516,1.081060
328,-1.590370,1.860940,-0.498428
329,-1.590370,1.860940,0.498428
330,-1.584380,1.910160,-0.168750
331,-1.584380,1.910160,0.168750
332,-1.582940,0.159961,-0.496099
333,-1.582940,0.159961,0.496099
334,-1.578130,0.085547,0.000000
335,-1.550000,1.987500,-0.225000
336,-1.550000,1.987500,0.225000
337,-1.546560,0.085547,-0.321543
338,-1.546560,0.085547,0.321543
339,-1.532970,0.670825,-1.265670
340,-1.532970,0.670825,1.265670
341,-1.532620,1.471870,-1.037110
342,-1.532620,1.471870,1.037110
343,-1.524690,0.925195,-1.258830
344,-1.524690,0.925195,1.258830
345,-1.523670,0.042773,-0.156792
346,-1.523670,0.042773,0.156792
347,-1.515630,2.064840,-0.168750
348,-1.515630,2.064840,0.168750
349,-1.502870,0.522583,-1.240810
350,-1.502870,0.522583,1.240810
351,-1.500000,0.000000,0.000000
352,-1.500000,2.100000,0.000000
353,-1.500000,2.250000,0.000000
354,-1.470000,0.000000,-0.305625
355,-1.470000,0.000000,0.305625
356,-1.470000,2.250000,-0.305625
357,-1.470000,2.250000,0.305625
358,-1.466020,1.860940,-0.798320
359,-1.466020,1.860940,0.798320
360,-1.464490,1.286130,-1.209120
361,-1.464490,1.286130,1.209120
362,-1.464030,0.042773,-0.458833
363,-1.464030,0.042773,0.458833
364,-1.459860,2.286910,-0.150226
365,-1.459860,2.286910,0.150226
366,-1.459170,0.159961,-0.794590
367,-1.459170,0.159961,0.794590
368,-1.455820,0.085547,-0.619414
369,-1.455820,0.085547,0.619414
370,-1.454690,0.234375,-0.984375
371,-1.454690,0.234375,0.984375
372,-1.449220,2.323830,0.000000
373,-1.420230,2.323830,-0.295278
374,-1.420230,2.323830,0.295278
375,-1.420000,0.750000,-1.420000
376,-1.420000,0.750000,1.420000
377,-1.414820,0.343945,-1.168120
378,-1.414820,0.343945,1.168120
379,-1.411910,2.336130,-0.145291
380,-1.411910,2.336130,0.145291
381,-1.404750,0.591650,-1.404750
382,-1.404750,0.591650,1.404750
383,-1.403130,2.348440,0.000000
384,-1.402720,2.286910,-0.439618
385,-1.402720,2.286910,0.439618
386,-1.400000,2.250000,0.000000
387,-1.389490,1.100390,-1.389490
388,-1.389490,1.100390,1.389490
389,-1.383750,0.000000,-0.588750
390,-1.383750,0.000000,0.588750
391,-1.383750,2.250000,-0.588750
392,-1.383750,2.250000,0.588750
393,-1.380470,2.323830,0.000000
394,-1.377880,2.336130,-0.141789
395,-1.377880,2.336130,0.141789
396,-1.376330,2.286910,-0.141630
397,-1.376330,2.286910,0.141630
398,-1.375060,2.348440,-0.285887
399,-1.375060,2.348440,0.285887
400,-1.372000,2.250000,-0.285250
401,-1.372000,2.250000,0.285250
402,-1.364530,0.453516,-1.364530
403,-1.364530,0.453516,1.364530
404,-1.356650,2.336130,-0.425177
405,-1.356650,2.336130,0.425177
406,-1.352860,2.323830,-0.281271
407,-1.352860,2.323830,0.281271
408,-1.349570,0.042773,-0.734902
409,-1.349570,0.042773,0.734902
410,-1.336900,2.323830,-0.568818
411,-1.336900,2.323830,0.568818
412,-1.323950,2.336130,-0.414929
413,-1.323950,2.336130,0.414929
414,-1.322460,2.286910,-0.414464
415,-1.322460,2.286910,0.414464
416,-1.311820,0.085547,-0.887695
417,-1.311820,0.085547,0.887695
418,-1.309060,1.471870,-1.309060
419,-1.309060,1.471870,1.309060
420,-1.300000,2.250000,0.000000
421,-1.294380,2.348440,-0.550727
422,-1.294380,2.348440,0.550727
423,-1.293050,2.286910,-0.704126
424,-1.293050,2.286910,0.704126
425,-1.291500,2.250000,-0.549500
426,-1.291500,2.250000,0.549500
427,-1.288390,1.860940,-1.063730
428,-1.288390,1.860940,1.063730
429,-1.282370,0.159961,-1.058760
430,-1.282370,0.159961,1.058760
431,-1.274000,2.250000,-0.264875
432,-1.274000,2.250000,0.264875
433,-1.273480,2.323830,-0.541834
434,-1.273480,2.323830,0.541834
435,-1.267660,2.274900,-0.130448
436,-1.267660,2.274900,0.130448
437,-1.265670,0.670825,-1.532970
438,-1.265670,0.670825,1.532970
439,-1.260940,2.299800,0.000000
440,-1.258830,0.925195,-1.524690
441,-1.258830,0.925195,1.524690
442,-1.250570,2.336130,-0.680997
443,-1.250570,2.336130,0.680997
444,-1.246880,0.000000,-0.843750
445,-1.246880,0.000000,0.843750
446,-1.246880,2.250000,-0.843750
447,-1.246880,2.250000,0.843750
448,-1.242500,0.234375,-1.242500
449,-1.242500,0.234375,1.242500
450,-1.240810,0.522583,-1.502870
451,-1.240810,0.522583,1.502870
452,-1.235720,2.299800,-0.256916
453,-1.235720,2.299800,0.256916
454,-1.220430,2.336130,-0.664583
455,-1.220430,2.336130,0.664583
456,-1.219060,2.286910,-0.663837
457,-1.219060,2.286910,0.663837
458,-1.218050,2.274900,-0.381740
459,-1.218050,2.274900,0.381740
460,-1.209120,1.286130,-1.464490
461,-1.209120,1.286130,1.464490
462,-1.204660,2.323830,-0.815186
463,-1.204660,2.323830,0.815186
464,-1.199250,2.250000,-0.510250
465,-1.199250,2.250000,0.510250
466,-1.196510,2.319430,-0.123125
467,-1.196510,2.319430,0.123125
468,-1.186040,0.042773,-0.979229
469,-1.186040,0.042773,0.979229
470,-1.168120,0.343945,-1.414820
471,-1.168120,0.343945,1.414820
472,-1.166350,2.348440,-0.789258
473,-1.166350,2.348440,0.789258
474,-1.163750,2.250000,-0.787500
475,-1.163750,2.250000,0.787500
476,-1.163220,2.299800,-0.494918
477,-1.163220,2.299800,0.494918
478,-1.156250,2.339060,0.000000
479,-1.149680,2.319430,-0.360312
480,-1.149680,2.319430,0.360312
481,-1.147520,2.323830,-0.776514
482,-1.147520,2.323830,0.776514
483,-1.136370,2.286910,-0.938220
484,-1.136370,2.286910,0.938220
485,-1.133120,2.339060,-0.235586
486,-1.133120,2.339060,0.235586
487,-1.125000,0.750000,-1.662500
488,-1.125000,0.750000,1.662500
489,-1.122810,2.274900,-0.611424
490,-1.122810,2.274900,0.611424
491,-1.120470,0.085547,-1.120470
492,-1.120470,0.085547,1.120470
493,-1.112920,0.591650,-1.644640
494,-1.112920,0.591650,1.644640
495,-1.100830,1.100390,-1.626780
496,-1.100830,1.100390,1.626780
497,-1.099040,2.336130,-0.907402
498,-1.099040,2.336130,0.907402
499,-1.081060,0.453516,-1.597560
500,-1.081060,0.453516,1.597560
501,-1.080630,2.250000,-0.731250
502,-1.080630,2.250000,0.731250
503,-1.072550,2.336130,-0.885531
504,-1.072550,2.336130,0.885531
505,-1.071350,2.286910,-0.884537
506,-1.071350,2.286910,0.884537
507,-1.066640,2.339060,-0.453828
508,-1.066640,2.339060,0.453828
509,-1.065000,0.000000,-1.065000
510,-1.065000,0.000000,1.065000
511,-1.065000,2.250000,-1.065000
512,-1.065000,2.250000,1.065000
513,-1.063730,1.860940,-1.288390
514,-1.063730,1.860940,1.288390
515,-1.059790,2.319430,-0.577104
516,-1.059790,2.319430,0.577104
517,-1.058760,0.159961,-1.282370
518,-1.058760,0.159961,1.282370
519,-1.048150,2.299800,-0.709277
520,-1.048150,2.299800,0.709277
521,-1.037110,1.471870,-1.532620
522,-1.037110,1.471870,1.532620
523,-1.028940,2.323830,-1.028940
524,-1.028940,2.323830,1.028940
525,-0.996219,2.348440,-0.996219
526,-0.996219,2.348440,0.996219
527,-0.994000,2.250000,-0.994000
528,-0.994000,2.250000,0.994000
529,-0.986761,2.274900,-0.814698
530,-0.986761,2.274900,0.814698
531,-0.984375,0.234375,-1.454690
532,-0.984375,0.234375,1.454690
533,-0.980719,2.369530,-0.100920
534,-0.980719,2.369530,0.100920
535,-0.980133,2.323830,-0.980133
536,-0.980133,2.323830,0.980133
537,-0.979229,0.042773,-1.186040
538,-0.979229,0.042773,1.186040
539,-0.961133,2.339060,-0.650391
540,-0.961133,2.339060,0.650391
541,-0.949871,0.670825,-1.744330
542,-0.949871,0.670825,1.744330
543,-0.944741,0.925195,-1.734910
544,-0.944741,0.925195,1.734910
545,-0.942332,2.369530,-0.295330
546,-0.942332,2.369530,0.295330
547,-0.938220,2.286910,-1.136370
548,-0.938220,2.286910,1.136370
549,-0.931373,2.319430,-0.768968
550,-0.931373,2.319430,0.768968
551,-0.931218,0.522583,-1.710080
552,-0.931218,0.522583,1.710080
553,-0.923000,2.250000,-0.923000
554,-0.923000,2.250000,0.923000
555,-0.907437,1.286130,-1.666400
556,-0.907437,1.286130,1.666400
557,-0.907402,2.336130,-1.099040
558,-0.907402,2.336130,1.099040
559,-0.895266,2.299800,-0.895266
560,-0.895266,2.299800,0.895266
561,-0.887695,0.085547,-1.311820
562,-0.887695,0.085547,1.311820
563,-0.885531,2.336130,-1.072550
564,-0.885531,2.336130,1.072550
565,-0.884537,2.286910,-1.071350
566,-0.884537,2.286910,1.071350
567,-0.876660,0.343945,-1.609890
568,-0.876660,0.343945,1.609890
569,-0.868654,2.369530,-0.473023
570,-0.868654,2.369530,0.473023
571,-0.843750,0.000000,-1.246880
572,-0.843750,0.000000,1.246880
573,-0.843750,2.250000,-1.246880
574,-0.843750,2.250000,1.246880
575,-0.825000,2.400000,0.000000
576,-0.820938,2.339060,-0.820938
577,-0.820938,2.339060,0.820938
578,-0.815186,2.323830,-1.204660
579,-0.815186,2.323830,1.204660
580,-0.814698,2.274900,-0.986761
581,-0.814698,2.274900,0.986761
582,-0.808500,2.400000,-0.168094
583,-0.808500,2.400000,0.168094
584,-0.798320,1.860940,-1.466020
585,-0.798320,1.860940,1.466020
586,-0.794590,0.159961,-1.459170
587,-0.794590,0.159961,1.459170
588,-0.789258,2.348440,-1.166350
589,-0.789258,2.348440,1.166350
590,-0.787500,2.250000,-1.163750
591,-0.787500,2.250000,1.163750
592,-0.785000,0.750000,-1.845000
593,-0.785000,0.750000,1.845000
594,-0.776567,0.591650,-1.825180
595,-0.776567,0.591650,1.825180
596,-0.776514,2.323830,-1.147520
597,-0.776514,2.323830,1.147520
598,-0.768968,2.319430,-0.931373
599,-0.768968,2.319430,0.931373
600,-0.768135,1.100390,-1.805360
601,-0.768135,1.100390,1.805360
602,-0.763400,2.369530,-0.630285
603,-0.763400,2.369530,0.630285
604,-0.761063,2.400000,-0.323813
605,-0.761063,2.400000,0.323813
606,-0.754336,0.453516,-1.772930
607,-0.754336,0.453516,1.772930
608,-0.734902,0.042773,-1.349570
609,-0.734902,0.042773,1.349570
610,-0.731250,2.250000,-1.080630
611,-0.731250,2.250000,1.080630
612,-0.723672,1.471870,-1.700860
613,-0.723672,1.471870,1.700860
614,-0.709277,2.299800,-1.048150
615,-0.709277,2.299800,1.048150
616,-0.704126,2.286910,-1.293050
617,-0.704126,2.286910,1.293050
618,-0.686875,0.234375,-1.614370
619,-0.686875,0.234375,1.614370
620,-0.685781,2.400000,-0.464063
621,-0.685781,2.400000,0.464063
622,-0.680997,2.336130,-1.250570
623,-0.680997,2.336130,1.250570
624,-0.664583,2.336130,-1.220430
625,-0.664583,2.336130,1.220430
626,-0.663837,2.286910,-1.219060
627,-0.663837,2.286910,1.219060
628,-0.650391,2.339060,-0.961133
629,-0.650391,2.339060,0.961133
630,-0.631998,2.430470,-0.064825
631,-0.631998,2.430470,0.064825
632,-0.630285,2.369530,-0.763400
633,-0.630285,2.369530,0.763400
634,-0.619414,0.085547,-1.455820
635,-0.619414,0.085547,1.455820
636,-0.611424,2.274900,-1.122810
637,-0.611424,2.274900,1.122810
638,-0.607174,2.430470,-0.190548
639,-0.607174,2.430470,0.190548
640,-0.593047,0.670825,-1.892280
641,-0.593047,0.670825,1.892280
642,-0.589845,0.925195,-1.882060
643,-0.589845,0.925195,1.882060
644,-0.588750,0.000000,-1.383750
645,-0.588750,0.000000,1.383750
646,-0.588750,2.250000,-1.383750
647,-0.588750,2.250000,1.383750
648,-0.585750,2.400000,-0.585750
649,-0.585750,2.400000,0.585750
650,-0.581402,0.522583,-1.855120
651,-0.581402,0.522583,1.855120
652,-0.577104,2.319430,-1.059790
653,-0.577104,2.319430,1.059790
654,-0.568818,2.323830,-1.336900
655,-0.568818,2.323830,1.336900
656,-0.566554,1.286130,-1.807750
657,-0.566554,1.286130,1.807750
658,-0.559973,2.430470,-0.304711
659,-0.559973,2.430470,0.304711
660,-0.550727,2.348440,-1.294380
661,-0.550727,2.348440,1.294380
662,-0.549500,2.250000,-1.291500
663,-0.549500,2.250000,1.291500
664,-0.547339,0.343945,-1.746440
665,-0.547339,0.343945,1.746440
666,-0.541834,2.323830,-1.273480
667,-0.541834,2.323830,1.273480
668,-0.510250,2.250000,-1.199250
669,-0.510250,2.250000,1.199250
670,-0.498428,1.860940,-1.590370
671,-0.498428,1.860940,1.590370
672,-0.496099,0.159961,-1.582940
673,-0.496099,0.159961,1.582940
674,-0.494918,2.299800,-1.163220
675,-0.494918,2.299800,1.163220
676,-0.491907,2.430470,-0.406410
677,-0.491907,2.430470,0.406410
678,-0.473023,2.369530,-0.868654
679,-0.473023,2.369530,0.868654
680,-0.464063,2.400000,-0.685781
681,-0.464063,2.400000,0.685781
682,-0.458833,0.042773,-1.464030
683,-0.458833,0.042773,1.464030
684,-0.456250,2.460940,0.000000
685,-0.453828,2.339060,-1.066640
686,-0.453828,2.339060,1.066640
687,-0.439618,2.286910,-1.402720
688,-0.439618,2.286910,1.402720
689,-0.438241,2.460940,-0.091207
690,-0.438241,2.460940,0.091207
691,-0.425177,2.336130,-1.356650
692,-0.425177,2.336130,1.356650
693,-0.420891,2.460940,-0.179078
694,-0.420891,2.460940,0.179078
695,-0.414929,2.336130,-1.323950
696,-0.414929,2.336130,1.323950
697,-0.414464,2.286910,-1.322460
698,-0.414464,2.286910,1.322460
699,-0.407500,0.750000,-1.960000
700,-0.407500,0.750000,1.960000
701,-0.406410,2.430470,-0.491907
702,-0.406410,2.430470,0.491907
703,-0.403123,0.591650,-1.938950
704,-0.403123,0.591650,1.938950
705,-0.398745,1.100390,-1.917890
706,-0.398745,1.100390,1.917890
707,-0.391582,0.453516,-1.883440
708,-0.391582,0.453516,1.883440
709,-0.381740,2.274900,-1.218050
710,-0.381740,2.274900,1.218050
711,-0.375664,1.471870,-1.806870
712,-0.375664,1.471870,1.806870
713,-0.372159,2.460940,-0.251889
714,-0.372159,2.460940,0.251889
715,-0.362109,2.897170,0.000000
716,-0.360312,2.319430,-1.149680
717,-0.360312,2.319430,1.149680
718,-0.356563,0.234375,1.715000
719,-0.356562,0.234375,-1.715000
720,-0.340625,2.950780,0.000000
721,-0.337859,2.923970,-0.069278
722,-0.337859,2.923970,0.069278
723,-0.334238,2.897170,-0.142705
724,-0.334238,2.897170,0.142705
725,-0.330325,2.864210,-0.067672
726,-0.330325,2.864210,0.067672
727,-0.325000,2.831250,0.000000
728,-0.323938,2.460940,-0.323938
729,-0.323938,2.460940,0.323938
730,-0.323813,2.400000,-0.761063
731,-0.323813,2.400000,0.761063
732,-0.321543,0.085547,-1.546560
733,-0.321543,0.085547,1.546560
734,-0.315410,2.505470,-0.064395
735,-0.315410,2.505470,0.064395
736,-0.314464,2.950780,-0.134407
737,-0.314464,2.950780,0.134407
738,-0.305625,0.000000,-1.470000
739,-0.305625,0.000000,1.470000
740,-0.305625,2.250000,-1.470000
741,-0.305625,2.250000,1.470000
742,-0.304711,2.430470,-0.559973
743,-0.304711,2.430470,0.559973
744,-0.299953,2.831250,-0.127984
745,-0.299953,2.831250,0.127984
746,-0.295330,2.369530,-0.942332
747,-0.295330,2.369530,0.942332
748,-0.295278,2.323830,-1.420230
749,-0.295278,2.323830,1.420230
750,-0.287197,2.923970,-0.194300
751,-0.287197,2.923970,0.194300
752,-0.285887,2.348440,-1.375060
753,-0.285887,2.348440,1.375060
754,-0.285250,2.250000,-1.372000
755,-0.285250,2.250000,1.372000
756,-0.281271,2.323830,-1.352860
757,-0.281271,2.323830,1.352860
758,-0.280732,2.864210,-0.189856
759,-0.280732,2.864210,0.189856
760,-0.274421,2.968800,-0.056380
761,-0.274421,2.968800,0.056380
762,-0.267832,2.505470,-0.180879
763,-0.267832,2.505470,0.180879
764,-0.264875,2.250000,-1.274000
765,-0.264875,2.250000,1.274000
766,-0.257610,2.897170,-0.257610
767,-0.257610,2.897170,0.257610
768,-0.256916,2.299800,-1.235720
769,-0.256916,2.299800,1.235720
770,-0.251889,2.460940,-0.372159
771,-0.251889,2.460940,0.372159
772,-0.250872,2.757420,-0.051347
773,-0.250872,2.757420,0.051347
774,-0.242477,2.950780,-0.242477
775,-0.242477,2.950780,0.242477
776,-0.235586,2.339060,-1.133120
777,-0.235586,2.339060,1.133120
778,-0.233382,2.968800,-0.158018
779,-0.233382,2.968800,0.158018
780,-0.231125,2.831250,-0.231125
781,-0.231125,2.831250,0.231125
782,-0.230078,2.986820,0.000000
783,-0.213159,2.757420,-0.144103
784,-0.213159,2.757420,0.144103
785,-0.212516,2.986820,-0.091113
786,-0.212516,2.986820,0.091113
787,-0.202656,0.670825,-1.969370
788,-0.202656,0.670825,1.969370
789,-0.201561,0.925195,-1.958730
790,-0.201561,0.925195,1.958730
791,-0.200000,2.550000,0.000000
792,-0.198676,0.522583,-1.930690
793,-0.198676,0.522583,1.930690
794,-0.196875,2.683590,0.000000
795,-0.194300,2.923970,-0.287197
796,-0.194300,2.923970,0.287197
797,-0.193602,1.286130,-1.881390
798,-0.193602,1.286130,1.881390
799,-0.190548,2.430470,-0.607174
800,-0.190548,2.430470,0.607174
801,-0.189856,2.864210,-0.280732
802,-0.189856,2.864210,0.280732
803,-0.187036,0.343945,-1.817580
804,-0.187036,0.343945,1.817580
805,-0.184500,2.550000,-0.078500
806,-0.184500,2.550000,0.078500
807,-0.181661,2.683590,-0.077405
808,-0.181661,2.683590,0.077405
809,-0.180879,2.505470,-0.267832
810,-0.180879,2.505470,0.267832
811,-0.179078,2.460940,-0.420891
812,-0.179078,2.460940,0.420891
813,-0.176295,2.581200,-0.036001
814,-0.176295,2.581200,0.036001
815,-0.174804,2.648000,-0.035727
816,-0.174804,2.648000,0.035727
817,-0.170322,1.860940,-1.655160
818,-0.170322,1.860940,1.655160
819,-0.169526,0.159961,-1.647420
820,-0.169526,0.159961,1.647420
821,-0.168094,2.400000,-0.808500
822,-0.168094,2.400000,0.808500
823,-0.166797,2.612400,0.000000
824,-0.164073,2.986820,-0.164073
825,-0.164073,2.986820,0.164073
826,-0.158018,2.968800,-0.233382
827,-0.158018,2.968800,0.233382
828,-0.156792,0.042773,-1.523670
829,-0.156792,0.042773,1.523670
830,-0.153882,2.612400,-0.065504
831,-0.153882,2.612400,0.065504
832,-0.150226,2.286910,-1.459860
833,-0.150226,2.286910,1.459860
834,-0.149710,2.581200,-0.101116
835,-0.149710,2.581200,0.101116
836,-0.148475,2.648000,-0.100316
837,-0.148475,2.648000,0.100316
838,-0.145291,2.336130,-1.411910
839,-0.145291,2.336130,1.411910
840,-0.144103,2.757420,-0.213159
841,-0.144103,2.757420,0.213159
842,-0.142705,2.897170,-0.334238
843,-0.142705,2.897170,0.334238
844,-0.142000,2.550000,-0.142000
845,-0.142000,2.550000,0.142000
846,-0.141789,2.336130,-1.377880
847,-0.141789,2.336130,1.377880
848,-0.141630,2.286910,-1.376330
849,-0.141630,2.286910,1.376330
850,-0.139898,2.683590,-0.139898
851,-0.139898,2.683590,0.139898
852,-0.134407,2.950780,-0.314464
853,-0.134407,2.950780,0.314464
854,-0.130448,2.274900,-1.267660
855,-0.130448,2.274900,1.267660
856,-0.127984,2.831250,-0.299953
857,-0.127984,2.831250,0.299953
858,-0.123125,2.319430,-1.196510
859,-0.123125,2.319430,1.196510
860,-0.118458,2.612400,-0.118458
861,-0.118458,2.612400,0.118458
862,-0.110649,2.993410,-0.022778
863,-0.110649,2.993410,0.022778
864,-0.101116,2.581200,-0.149710
865,-0.101116,2.581200,0.149710
866,-0.100920,2.369530,-0.980719
867,-0.100920,2.369530,0.980719
868,-0.100316,2.648000,-0.148475
869,-0.100316,2.648000,0.148475
870,-0.094147,2.993410,-0.063797
871,-0.094147,2.993410,0.063797
872,-0.091207,2.460940,-0.438241
873,-0.091207,2.460940,0.438241
874,-0.091113,2.986820,-0.212516
875,-0.091113,2.986820,0.212516
876,-0.078500,2.550000,-0.184500
877,-0.078500,2.550000,0.184500
878,-0.077405,2.683590,-0.181661
879,-0.077405,2.683590,0.181661
880,-0.069278,2.923970,-0.337859
881,-0.069278,2.923970,0.337859
882,-0.067672,2.864210,-0.330325
883,-0.067672,2.864210,0.330325
884,-0.065504,2.612400,-0.153882
885,-0.065504,2.612400,0.153882
886,-0.064825,2.430470,-0.631998
887,-0.064825,2.430470,0.631998
888,-0.064395,2.505470,-0.315410
889,-0.064395,2.505470,0.315410
890,-0.063797,2.993410,-0.094147
891,-0.063797,2.993410,0.094147
892,-0.056380,2.968800,-0.274421
893,-0.056380,2.968800,0.274421
894,-0.051347,2.757420,-0.250872
895,-0.051347,2.757420,0.250872
896,-0.036001,2.581200,-0.176295
897,-0.036001,2.581200,0.176295
898,-0.035727,2.648000,-0.174804
899,-0.035727,2.648000,0.174804
900,-0.022778,2.993410,-0.110649
901,-0.022778,2.993410,0.110649
902,0.000000,0.000000,-1.500000
903,0.000000,0.000000,1.500000
904,0.000000,0.085547,-1.578130
905,0.000000,0.085547,1.578130
906,0.000000,0.234375,-1.750000
907,0.000000,0.234375,1.750000
908,0.000000,0.453516,-1.921880
909,0.000000,0.453516,1.921880
910,0.000000,0.591650,-1.978520
911,0.000000,0.591650,1.978520
912,0.000000,0.750000,-2.000000
913,0.000000,0.750000,2.000000
914,0.000000,1.100390,-1.957030
915,0.000000,1.100390,1.957030
916,0.000000,1.471870,-1.843750
917,0.000000,1.471870,1.843750
918,0.000000,2.250000,-1.500000
919,0.000000,2.250000,-1.400000
920,0.000000,2.250000,-1.300000
921,0.000000,2.250000,1.300000
922,0.000000,2.250000,1.400000
923,0.000000,2.250000,1.500000
924,0.000000,2.299800,-1.260940
925,0.000000,2.299800,1.260940
926,0.000000,2.323830,-1.449220
927,0.000000,2.323830,-1.380470
928,0.000000,2.323830,1.380470
929,0.000000,2.323830,1.449220
930,0.000000,2.339060,-1.156250
931,0.000000,2.339060,1.156250
932,0.000000,2.348440,-1.403130
933,0.000000,2.348440,1.403130
934,0.000000,2.400000,-0.825000
935,0.000000,2.400000,0.825000
936,0.000000,2.460940,-0.456250
937,0.000000,2.460940,0.456250
938,0.000000,2.550000,-0.200000
939,0.000000,2.550000,0.200000
940,0.000000,2.612400,-0.166797
941,0.000000,2.612400,0.166797
942,0.000000,2.683590,-0.196875
943,0.000000,2.683590,0.196875
944,0.000000,2.831250,-0.325000
945,0.000000,2.831250,0.325000
946,0.000000,2.897170,-0.362109
947,0.000000,2.897170,0.362109
948,0.000000,2.950780,-0.340625
949,0.000000,2.950780,0.340625
950,0.000000,2.986820,-0.230078
951,0.000000,2.986820,0.230078
952,0.000000,3.000000,0.000000
953,0.022778,2.993410,-0.110649
954,0.022778,2.993410,0.110649
955,0.035727,2.648000,-0.174804
956,0.035727,2.648000,0.174804
957,0.036001,2.581200,-0.176295
958,0.036001,2.581200,0.176295
959,0.051347,2.757420,-0.250872
960,0.051347,2.757420,0.250872
961,0.056380,2.968800,-0.274421
962,0.056380,2.968800,0.274421
963,0.063797,2.993410,-0.094147
964,0.063797,2.993410,0.094147
965,0.064395,2.505470,-0.315410
966,0.064395,2.505470,0.315410
967,0.064825,2.430470,-0.631998
968,0.064825,2.430470,0.631998
969,0.065504,2.612400,-0.153882
970,0.065504,2.612400,0.153882
971,0.067672,2.864210,-0.330325
972,0.067672,2.864210,0.330325
973,0.069278,2.923970,-0.337859
974,0.069278,2.923970,0.337859
975,0.077405,2.683590,-0.181661
976,0.077405,2.683590,0.181661
977,0.078500,2.550000,-0.184500
978,0.078500,2.550000,0.184500
979,0.091113,2.986820,-0.212516
980,0.091113,2.986820,0.212516
981,0.091207,2.460940,-0.438241
982,0.091207,2.460940,0.438241
983,0.094147,2.993410,-0.063797
984,0.094147,2.993410,0.063797
985,0.100316,2.648000,-0.148475
986,0.100316,2.648000,0.148475
987,0.100920,2.369530,-0.980719
988,0.100920,2.369530,0.980719
989,0.101116,2.581200,-0.149710
990,0.101116,2.581200,0.149710
991,0.110649,2.993410,-0.022778
992,0.110649,2.993410,0.022778
993,0.118458,2.612400,-0.118458
994,0.118458,2.612400,0.118458
995,0.123125,2.319430,-1.196510
996,0.123125,2.319430,1.196510
997,0.127984,2.831250,-0.299953
998,0.127984,2.831250,0.299953
999,0.130448,2.274900,-1.267660
1000,0.130448,2.274900,1.267660
1001,0.134407,2.950780,-0.314464
1002,0.134407,2.950780,0.314464
1003,0.139898,2.683590,-0.139898
1004,0.139898,2.683590,0.139898
1005,0.141630,2.286910,-1.376330
1006,0.141630,2.286910,1.376330
1007,0.141789,2.336130,-1.377880
1008,0.141789,2.336130,1.377880
1009,0.142000,2.550000,-0.142000
1010,0.142000,2.550000,0.142000
1011,0.142705,2.897170,-0.334238
1012,0.142705,2.897170,0.334238
1013,0.144103,2.757420,-0.213159
1014,0.144103,2.757420,0.213159
1015,0.145291,2.336130,-1.411910
1016,0.145291,2.336130,1.411910
1017,0.148475,2.648000,-0.100316
1018,0.148475,2.648000,0.100316
1019,0.149710,2.581200,-0.101116
1020,0.149710,2.581200,0.101116
1021,0.150226,2.286910,-1.459860
1022,0.150226,2.286910,1.459860
1023,0.153882,2.612400,-0.065504
1024,0.153882,2.612400,0.065504
1025,0.156792,0.042773,-1.523670
1026,0.156792,0.042773,1.523670
1027,0.158018,2.968800,-0.233382
1028,0.158018,2.968800,0.233382
1029,0.164073,2.986820,-0.164073
1030,0.164073,2.986820,0.164073
1031,0.166797,2.612400,0.000000
1032,0.168094,2.400000,-0.808500
1033,0.168094,2.400000,0.808500
1034,0.169526,0.159961,-1.647420
1035,0.169526,0.159961,1.647420
1036,0.170322,1.860940,-1.655160
1037,0.170322,1.860940,1.655160
1038,0.174804,2.648000,-0.035727
1039,0.174804,2.648000,0.035727
1040,0.176295,2.581200,-0.036001
1041,0.176295,2.581200,0.036001
1042,0.179078,2.460940,-0.420891
1043,0.179078,2.460940,0.420891
1044,0.180879,2.505470,-0.267832
1045,0.180879,2.505470,0.267832
1046,0.181661,2.683590,-0.077405
1047,0.181661,2.683590,0.077405
1048,0.184500,2.550000,-0.078500
1049,0.184500,2.550000,0.078500
1050,0.187036,0.343945,-1.817580
1051,0.187036,0.343945,1.817580
1052,0.189856,2.864210,-0.280732
1053,0.189856,2.864210,0.280732
1054,0.190548,2.430470,-0.607174
1055,0.190548,2.430470,0.607174
1056,0.193602,1.286130,-1.881390
1057,0.193602,1.286130,1.881390
1058,0.194300,2.923970,-0.287197
1059,0.194300,2.923970,0.287197
1060,0.196875,2.683590,0.000000
1061,0.198676,0.522583,-1.930690
1062,0.198676,0.522583,1.930690
1063,0.200000,2.550000,0.000000
1064,0.201561,0.925195,-1.958730
1065,0.201561,0.925195,1.958730
1066,0.202656,0.670825,-1.969370
1067,0.202656,0.670825,1.969370
1068,0.212516,2.986820,-0.091113
1069,0.212516,2.986820,0.091113
1070,0.213159,2.757420,-0.144103
1071,0.213159,2.757420,0.144103
1072,0.230078,2.986820,0.000000
1073,0.231125,2.831250,-0.231125
1074,0.231125,2.831250,0.231125
1075,0.233382,2.968800,-0.158018
1076,0.233382,2.968800,0.158018
1077,0.235586,2.339060,-1.133120
1078,0.235586,2.339060,1.133120
1079,0.242477,2.950780,-0.242477
1080,0.242477,2.950780,0.242477
1081,0.250872,2.757420,-0.051347
1082,0.250872,2.757420,0.051347
1083,0.251889,2.460940,-0.372159
1084,0.251889,2.460940,0.372159
1085,0.256916,2.299800,-1.235720
1086,0.256916,2.299800,1.235720
1087,0.257610,2.897170,-0.257610
1088,0.257610,2.897170,0.257610
1089,0.264875,2.250000,-1.274000
1090,0.264875,2.250000,1.274000
1091,0.267832,2.505470,-0.180879
1092,0.267832,2.505470,0.180879
1093,0.274421,2.968800,-0.056380
1094,0.274421,2.968800,0.056380
1095,0.280732,2.864210,-0.189856
1096,0.280732,2.864210,0.189856
1097,0.281271,2.323830,-1.352860
1098,0.281271,2.323830,1.352860
1099,0.285250,2.250000,-1.372000
1100,0.285250,2.250000,1.372000
1101,0.285887,2.348440,-1.375060
1102,0.285887,2.348440,1.375060
1103,0.287197,2.923970,-0.194300
1104,0.287197,2.923970,0.194300
1105,0.295278,2.323830,-1.420230
1106,0.295278,2.323830,1.420230
1107,0.295330,2.369530,-0.942332
1108,0.295330,2.369530,0.942332
1109,0.299953,2.831250,-0.127984
1110,0.299953,2.831250,0.127984
1111,0.304711,2.430470,-0.559973
1112,0.304711,2.430470,0.559973
1113,0.305625,0.000000,-1.470000
1114,0.305625,0.000000,1.470000
1115,0.305625,2.250000,-1.470000
1116,0.305625,2.250000,1.470000
1117,0.314464,2.950780,-0.134407
1118,0.314464,2.950780,0.134407
1119,0.315410,2.505470,-0.064395
1120,0.315410,2.505470,0.064395
1121,0.321543,0.085547,-1.546560
1122,0.321543,0.085547,1.546560
1123,0.323813,2.400000,-0.761063
1124,0.323813,2.400000,0.761063
1125,0.323938,2.460940,-0.323938
1126,0.323938,2.460940,0.323938
1127,0.325000,2.831250,0.000000
1128,0.330325,2.864210,-0.067672
1129,0.330325,2.864210,0.067672
1130,0.334238,2.897170,-0.142705
1131,0.334238,2.897170,0.142705
1132,0.337859,2.923970,-0.069278
1133,0.337859,2.923970,0.069278
1134,0.340625,2.950780,0.000000
1135,0.356562,0.234375,1.715000
1136,0.356563,0.234375,-1.715000
1137,0.360312,2.319430,-1.149680
1138,0.360312,2.319430,1.149680
1139,0.362109,2.897170,0.000000
1140,0.372159,2.460940,-0.251889
1141,0.372159,2.460940,0.251889
1142,0.375664,1.471870,-1.806870
1143,0.375664,1.471870,1.806870
1144,0.381740,2.274900,-1.218050
1145,0.381740,2.274900,1.218050
1146,0.391582,0.453516,-1.883440
1147,0.391582,0.453516,1.883440
1148,0.398745,1.100390,-1.917890
1149,0.398745,1.100390,1.917890
1150,0.403123,0.591650,-1.938950
1151,0.403123,0.591650,1.938950
1152,0.406410,2.430470,-0.491907
1153,0.406410,2.430470,0.491907
1154,0.407500,0.750000,-1.960000
1155,0.407500,0.750000,1.960000
1156,0.414464,2.286910,-1.322460
1157,0.414464,2.286910,1.322460
1158,0.414929,2.336130,-1.323950
1159,0.414929,2.336130,1.323950
1160,0.420891,2.460940,-0.179078
1161,0.420891,2.460940,0.179078
1162,0.425177,2.336130,-1.356650
1163,0.425177,2.336130,1.356650
1164,0.438241,2.460940,-0.091207
1165,0.438241,2.460940,0.091207
1166,0.439618,2.286910,-1.402720
1167,0.439618,2.286910,1.402720
1168,0.453828,2.339060,-1.066640
1169,0.453828,2.339060,1.066640
1170,0.456250,2.460940,0.000000
1171,0.458833,0.042773,-1.464030
1172,0.458833,0.042773,1.464030
1173,0.464063,2.400000,-0.685781
1174,0.464063,2.400000,0.685781
1175,0.473023,2.369530,-0.868654
1176,0.473023,2.369530,0.868654
1177,0.491907,2.430470,-0.406410
1178,0.491907,2.430470,0.406410
1179,0.494918,2.299800,-1.163220
1180,0.494918,2.299800,1.163220
1181,0.496099,0.159961,-1.582940
1182,0.496099,0.159961,1.582940
1183,0.498428,1.860940,-1.590370
1184,0.498428,1.860940,1.590370
1185,0.510250,2.250000,-1.199250
1186,0.510250,2.250000,1.199250
1187,0.541834,2.323830,-1.273480
1188,0.541834,2.323830,1.273480
1189,0.547339,0.343945,-1.746440
1190,0.547339,0.343945,1.746440
1191,0.549500,2.250000,-1.291500
1192,0.549500,2.250000,1.291500
1193,0.550727,2.348440,-1.294380
1194,0.550727,2.348440,1.294380
1195,0.559973,2.430470,-0.304711
1196,0.559973,2.430470,0.304711
1197,0.566554,1.286130,-1.807750
1198,0.566554,1.286130,1.807750
1199,0.568818,2.323830,-1.336900
1200,0.568818,2.323830,1.336900
1201,0.577104,2.319430,-1.059790
1202,0.577104,2.319430,1.059790
1203,0.581402,0.522583,-1.855120
1204,0.581402,0.522583,1.855120
1205,0.585750,2.400000,-0.585750
1206,0.585750,2.400000,0.585750
1207,0.588750,0.000000,-1.383750
1208,0.588750,0.000000,1.383750
1209,0.588750,2.250000,-1.383750
1210,0.588750,2.250000,1.383750
1211,0.589845,0.925195,-1.882060
1212,0.589845,0.925195,1.882060
1213,0.593047,0.670825,-1.892280
1214,0.593047,0.670825,1.892280
1215,0.607174,2.430470,-0.190548
1216,0.607174,2.430470,0.190548
1217,0.611424,2.274900,-1.122810
1218,0.611424,2.274900,1.122810
1219,0.619414,0.085547,-1.455820
1220,0.619414,0.085547,1.455820
1221,0.630285,2.369530,-0.763400
1222,0.630285,2.369530,0.763400
1223,0.631998,2.430470,-0.064825
1224,0.631998,2.430470,0.064825
1225,0.650391,2.339060,-0.961133
1226,0.650391,2.339060,0.961133
1227,0.663837,2.286910,-1.219060
1228,0.663837,2.286910,1.219060
1229,0.664583,2.336130,-1.220430
1230,0.664583,2.336130,1.220430
1231,0.680997,2.336130,-1.250570
1232,0.680997,2.336130,1.250570
1233,0.685781,2.400000,-0.464063
1234,0.685781,2.400000,0.464063
1235,0.686875,0.234375,-1.614370
1236,0.686875,0.234375,1.614370
1237,0.704126,2.286910,-1.293050
1238,0.704126,2.286910,1.293050
1239,0.709277,2.299800,-1.048150
1240,0.709277,2.299800,1.048150
1241,0.723672,1.471870,-1.700860
1242,0.723672,1.471870,1.700860
1243,0.731250,2.250000,-1.080630
1244,0.731250,2.250000,1.080630
1245,0.734902,0.042773,-1.349570
1246,0.734902,0.042773,1.349570
1247,0.754336,0.453516,-1.772930
1248,0.754336,0.453516,1.772930
1249,0.761063,2.400000,-0.323813
1250,0.761063,2.400000,0.323813
1251,0.763400,2.369530,-0.630285
1252,0.763400,2.369530,0.630285
1253,0.768135,1.100390,-1.805360
1254,0.768135,1.100390,1.805360
1255,0.768968,2.319430,-0.931373
1256,0.768968,2.319430,0.931373
1257,0.776514,2.323830,-1.147520
1258,0.776514,2.323830,1.147520
1259,0.776567,0.591650,-1.825180
1260,0.776567,0.591650,1.825180
1261,0.785000,0.750000,-1.845000
1262,0.785000,0.750000,1.845000
1263,0.787500,2.250000,-1.163750
1264,0.787500,2.250000,1.163750
1265,0.789258,2.348440,-1.166350
1266,0.789258,2.348440,1.166350
1267,0.794590,0.159961,-1.459170
1268,0.794590,0.159961,1.459170
1269,0.798320,1.860940,-1.466020
1270,0.798320,1.860940,1.466020
1271,0.808500,2.400000,-0.168094
1272,0.808500,2.400000,0.168094
1273,0.814698,2.274900,-0.986761
1274,0.814698,2.274900,0.986761
1275,0.815186,2.323830,-1.204660
1276,0.815186,2.323830,1.204660
1277,0.820938,2.339060,-0.820938
1278,0.820938,2.339060,0.820938
1279,0.825000,2.400000,0.000000
1280,0.843750,0.000000,-1.246880
1281,0.843750,0.000000,1.246880
1282,0.843750,2.250000,-1.246880
1283,0.843750,2.250000,1.246880
1284,0.868654,2.369530,-0.473023
1285,0.868654,2.369530,0.473023
1286,0.876660,0.343945,-1.609890
1287,0.876660,0.343945,1.609890
1288,0.884537,2.286910,-1.071350
1289,0.884537,2.286910,1.071350
1290,0.885531,2.336130,-1.072550
1291,0.885531,2.336130,1.072550
1292,0.887695,0.085547,-1.311820
1293,0.887695,0.085547,1.311820
1294,0.895266,2.299800,-0.895266
1295,0.895266,2.299800,0.895266
1296,0.907402,2.336130,-1.099040
1297,0.907402,2.336130,1.099040
1298,0.907437,1.286130,-1.666400
1299,0.907437,1.286130,1.666400
1300,0.923000,2.250000,-0.923000
1301,0.923000,2.250000,0.923000
1302,0.931218,0.522583,-1.710080
1303,0.931218,0.522583,1.710080
1304,0.931373,2.319430,-0.768968
1305,0.931373,2.319430,0.768968
1306,0.938220,2.286910,-1.136370
1307,0.938220,2.286910,1.136370
1308,0.942332,2.369530,-0.295330
1309,0.942332,2.369530,0.295330
1310,0.944741,0.925195,-1.734910
1311,0.944741,0.925195,1.734910
1312,0.949871,0.670825,-1.744330
1313,0.949871,0.670825,1.744330
1314,0.961133,2.339060,-0.650391
1315,0.961133,2.339060,0.650391
1316,0.979229,0.042773,-1.186040
1317,0.979229,0.042773,1.186040
1318,0.980133,2.323830,-0.980133
1319,0.980133,2.323830,0.980133
1320,0.980719,2.369530,-0.100920
1321,0.980719,2.369530,0.100920
1322,0.984375,0.234375,-1.454690
1323,0.984375,0.234375,1.454690
1324,0.986761,2.274900,-0.814698
1325,0.986761,2.274900,0.814698
1326,0.994000,2.250000,-0.994000
1327,0.994000,2.250000,0.994000
1328,0.996219,2.348440,-0.996219
1329,0.996219,2.348440,0.996219
1330,1.028940,2.323830,-1.028940
1331,1.028940,2.323830,1.028940
1332,1.037110,1.471870,-1.532620
1333,1.037110,1.471870,1.532620
1334,1.048150,2.299800,-0.709277
1335,1.048150,2.299800,0.709277
1336,1.058760,0.159961,-1.282370
1337,1.058760,0.159961,1.282370
1338,1.059790,2.319430,-0.577104
1339,1.059790,2.319430,0.577104
1340,1.063730,1.860940,-1.288390
1341,1.063730,1.860940,1.288390
1342,1.065000,0.000000,-1.065000
1343,1.065000,0.000000,1.065000
1344,1.065000,2.250000,-1.065000
1345,1.065000,2.250000,1.065000
1346,1.066640,2.339060,-0.453828
1347,1.066640,2.339060,0.453828
1348,1.071350,2.286910,-0.884537
1349,1.071350,2.286910,0.884537
1350,1.072550,2.336130,-0.885531
1351,1.072550,2.336130,0.885531
1352,1.080630,2.250000,-0.731250
1353,1.080630,2.250000,0.731250
1354,1.081060,0.453516,-1.597560
1355,1.081060,0.453516,1.597560
1356,1.099040,2.336130,-0.907402
1357,1.099040,2.336130,0.907402
1358,1.100830,1.100390,-1.626780
1359,1.100830,1.100390,1.626780
1360,1.112920,0.591650,-1.644640
1361,1.112920,0.591650,1.644640
1362,1.120470,0.085547,-1.120470
1363,1.120470,0.085547,1.120470
1364,1.122810,2.274900,-0.611424
1365,1.122810,2.274900,0.611424
1366,1.125000,0.750000,-1.662500
1367,1.125000,0.750000,1.662500
1368,1.133120,2.339060,-0.235586
1369,1.133120,2.339060,0.235586
1370,1.136370,2.286910,-0.938220
1371,1.136370,2.286910,0.938220
1372,1.147520,2.323830,-0.776514
1373,1.147520,2.323830,0.776514
1374,1.149680,2.319430,-0.360312
1375,1.149680,2.319430,0.360312
1376,1.156250,2.339060,0.000000
1377,1.163220,2.299800,-0.494918
1378,1.163220,2.299800,0.494918
1379,1.163750,2.250000,-0.787500
1380,1.163750,2.250000,0.787500
1381,1.166350,2.348440,-0.789258
1382,1.166350,2.348440,0.789258
1383,1.168120,0.343945,-1.414820
1384,1.168120,0.343945,1.414820
1385,1.186040,0.042773,-0.979229
1386,1.186040,0.042773,0.979229
1387,1.196510,2.319430,-0.123125
1388,1.196510,2.319430,0.123125
1389,1.199250,2.250000,-0.510250
1390,1.199250,2.250000,0.510250
1391,1.204660,2.323830,-0.815186
1392,1.204660,2.323830,0.815186
1393,1.209120,1.286130,-1.464490
1394,1.209120,1.286130,1.464490
1395,1.218050,2.274900,-0.381740
1396,1.218050,2.274900,0.381740
1397,1.219060,2.286910,-0.663837
1398,1.219060,2.286910,0.663837
1399,1.220430,2.336130,-0.664583
1400,1.220430,2.336130,0.664583
1401,1.235720,2.299800,-0.256916
1402,1.235720,2.299800,0.256916
1403,1.240810,0.522583,-1.502870
1404,1.240810,0.522583,1.502870
1405,1.242500,0.234375,-1.242500
1406,1.242500,0.234375,1.242500
1407,1.246880,0.000000,-0.843750
1408,1.246880,0.000000,0.843750
1409,1.246880,2.250000,-0.843750
1410,1.246880,2.250000,0.843750
1411,1.250570,2.336130,-0.680997
1412,1.250570,2.336130,0.680997
1413,1.258830,0.925195,-1.524690
1414,1.258830,0.925195,1.524690
1415,1.260940,2.299800,0.000000
1416,1.265670,0.670825,-1.532970
1417,1.265670,0.670825,1.532970
1418,1.267660,2.274900,-0.130448
1419,1.267660,2.274900,0.130448
1420,1.273480,2.323830,-0.541834
1421,1.273480,2.323830,0.541834
1422,1.274000,2.250000,-0.264875
1423,1.274000,2.250000,0.264875
1424,1.282370,0.159961,-1.058760
1425,1.282370,0.159961,1.058760
1426,1.288390,1.860940,-1.063730
1427,1.288390,1.860940,1.063730
1428,1.291500,2.250000,-0.549500
1429,1.291500,2.250000,0.549500
1430,1.293050,2.286910,-0.704126
1431,1.293050,2.286910,0.704126
1432,1.294380,2.348440,-0.550727
1433,1.294380,2.348440,0.550727
1434,1.300000,2.250000,0.000000
1435,1.309060,1.471870,-1.309060
1436,1.309060,1.471870,1.309060
1437,1.311820,0.085547,-0.887695
1438,1.311820,0.085547,0.887695
1439,1.322460,2.286910,-0.414464
1440,1.322460,2.286910,0.414464
1441,1.323950,2.336130,-0.414929
1442,1.323950,2.336130,0.414929
1443,1.336900,2.323830,-0.568818
1444,1.336900,2.323830,0.568818
1445,1.349570,0.042773,-0.734902
1446,1.349570,0.042773,0.734902
1447,1.352860,2.323830,-0.281271
1448,1.352860,2.323830,0.281271
1449,1.356650,2.336130,-0.425177
1450,1.356650,2.336130,0.425177
1451,1.364530,0.453516,-1.364530
1452,1.364530,0.453516,1.364530
1453,1.372000,2.250000,-0.285250
1454,1.372000,2.250000,0.285250
1455,1.375060,2.348440,-0.285887
1456,1.375060,2.348440,0.285887
1457,1.376330,2.286910,-0.141630
1458,1.376330,2.286910,0.141630
1459,1.377880,2.336130,-0.141789
1460,1.377880,2.336130,0.141789
1461,1.380470,2.323830,0.000000
1462,1.383750,0.000000,-0.588750
1463,1.383750,0.000000,0.588750
1464,1.383750,2.250000,-0.588750
1465,1.383750,2.250000,0.588750
1466,1.389490,1.100390,-1.389490
1467,1.389490,1.100390,1.389490
1468,1.400000,2.250000,0.000000
1469,1.402720,2.286910,-0.439618
1470,1.402720,2.286910,0.439618
1471,1.403130,2.348440,0.000000
1472,1.404750,0.591650,-1.404750
1473,1.404750,0.591650,1.404750
1474,1.411910,2.336130,-0.145291
1475,1.411910,2.336130,0.145291
1476,1.414820,0.343945,-1.168120
1477,1.414820,0.343945,1.168120
1478,1.420000,0.750000,-1.420000
1479,1.420000,0.750000,1.420000
1480,1.420230,2.323830,-0.295278
1481,1.420230,2.323830,0.295278
1482,1.449220,2.323830,0.000000
1483,1.454690,0.234375,-0.984375
1484,1.454690,0.234375,0.984375
1485,1.455820,0.085547,-0.619414
1486,1.455820,0.085547,0.619414
1487,1.459170,0.159961,-0.794590
1488,1.459170,0.159961,0.794590
1489,1.459860,2.286910,-0.150226
1490,1.459860,2.286910,0.150226
1491,1.464030,0.042773,-0.458833
1492,1.464030,0.042773,0.458833
1493,1.464490,1.286130,-1.209120
1494,1.464490,1.286130,1.209120
1495,1.466020,1.860940,-0.798320
1496,1.466020,1.860940,0.798320
1497,1.470000,0.000000,-0.305625
1498,1.470000,0.000000,0.305625
1499,1.470000,2.250000,-0.305625
1500,1.470000,2.250000,0.305625
1501,1.500000,0.000000,0.000000
1502,1.500000,2.250000,0.000000
1503,1.502870,0.522583,-1.240810
1504,1.502870,0.522583,1.240810
1505,1.523670,0.042773,-0.156792
1506,1.523670,0.042773,0.156792
1507,1.524690,0.925195,-1.258830
1508,1.524690,0.925195,1.258830
1509,1.532620,1.471870,-1.037110
1510,1.532620,1.471870,1.037110
1511,1.532970,0.670825,-1.265670
1512,1.532970,0.670825,1.265670
1513,1.546560,0.085547,-0.321543
1514,1.546560,0.085547,0.321543
1515,1.578130,0.085547,0.000000
1516,1.582940,0.159961,-0.496099
1517,1.582940,0.159961,0.496099
1518,1.590370,1.860940,-0.498428
1519,1.590370,1.860940,0.498428
1520,1.597560,0.453516,-1.081060
1521,1.597560,0.453516,1.081060
1522,1.609890,0.343945,-0.876660
1523,1.609890,0.343945,0.876660
1524,1.614370,0.234375,-0.686875
1525,1.614370,0.234375,0.686875
1526,1.626780,1.100390,-1.100830
1527,1.626780,1.100390,1.100830
1528,1.644640,0.591650,-1.112920
1529,1.644640,0.591650,1.112920
1530,1.647420,0.159961,-0.169526
1531,1.647420,0.159961,0.169526
1532,1.655160,1.860940,-0.170322
1533,1.655160,1.860940,0.170322
1534,1.662500,0.750000,-1.125000
1535,1.662500,0.750000,1.125000
1536,1.666400,1.286130,-0.907437
1537,1.666400,1.286130,0.907437
1538,1.700000,0.450000,0.000000
1539,1.700000,0.485449,-0.216563
1540,1.700000,0.485449,0.216563
1541,1.700000,0.578906,-0.371250
1542,1.700000,0.578906,0.371250
1543,1.700000,0.711035,-0.464063
1544,1.700000,0.711035,0.464063
1545,1.700000,0.862500,-0.495000
1546,1.700000,0.862500,0.495000
1547,1.700000,1.013970,-0.464063
1548,1.700000,1.013970,0.464063
1549,1.700000,1.146090,-0.371250
1550,1.700000,1.146090,0.371250
1551,1.700000,1.239550,-0.216563
1552,1.700000,1.239550,0.216563
1553,1.700000,1.275000,0.000000
1554,1.700860,1.471870,-0.723672
1555,1.700860,1.471870,0.723672
1556,1.710080,0.522583,-0.931218
1557,1.710080,0.522583,0.931218
1558,1.715000,0.234375,-0.356562
1559,1.715000,0.234375,0.356563
1560,1.734910,0.925195,-0.944741
1561,1.734910,0.925195,0.944741
1562,1.744330,0.670825,-0.949871
1563,1.744330,0.670825,0.949871
1564,1.746440,0.343945,-0.547339
1565,1.746440,0.343945,0.547339
1566,1.750000,0.234375,0.000000
1567,1.772930,0.453516,-0.754336
1568,1.772930,0.453516,0.754336
1569,1.805360,1.100390,-0.768135
1570,1.805360,1.100390,0.768135
1571,1.806870,1.471870,-0.375664
1572,1.806870,1.471870,0.375664
1573,1.807750,1.286130,-0.566554
1574,1.807750,1.286130,0.566554
1575,1.808680,0.669440,-0.415335
1576,1.808680,0.669440,0.415335
1577,1.815230,0.556498,-0.292881
1578,1.815230,0.556498,0.292881
1579,1.817580,0.343945,-0.187036
1580,1.817580,0.343945,0.187036
1581,1.818500,0.493823,-0.107904
1582,1.818500,0.493823,0.107904
1583,1.825180,0.591650,-0.776567
1584,1.825180,0.591650,0.776567
1585,1.843750,1.471870,0.000000
1586,1.844080,1.273110,-0.106836
1587,1.844080,1.273110,0.106836
1588,1.845000,0.750000,-0.785000
1589,1.845000,0.750000,0.785000
1590,1.849890,1.212450,-0.289984
1591,1.849890,1.212450,0.289984
1592,1.855120,0.522583,-0.581402
1593,1.855120,0.522583,0.581402
1594,1.860070,1.106280,-0.412082
1595,1.860070,1.106280,0.412082
1596,1.872860,0.972820,-0.473131
1597,1.872860,0.972820,0.473131
1598,1.881390,1.286130,-0.193602
1599,1.881390,1.286130,0.193602
1600,1.882060,0.925195,-0.589845
1601,1.882060,0.925195,0.589845
1602,1.883440,0.453516,-0.391582
1603,1.883440,0.453516,0.391582
1604,1.886520,0.830257,-0.473131
1605,1.886520,0.830257,0.473131
1606,1.892280,0.670825,-0.593047
1607,1.892280,0.670825,0.593047
1608,1.908980,0.762851,-0.457368
1609,1.908980,0.762851,0.457368
1610,1.917890,1.100390,-0.398745
1611,1.917890,1.100390,0.398745
1612,1.921880,0.453516,0.000000
1613,1.925720,0.624968,-0.368660
1614,1.925720,0.624968,0.368660
1615,1.930690,0.522583,-0.198676
1616,1.930690,0.522583,0.198676
1617,1.935200,0.536667,-0.215052
1618,1.935200,0.536667,0.215052
1619,1.938790,0.503174,0.000000
1620,1.938950,0.591650,-0.403123
1621,1.938950,0.591650,0.403123
1622,1.957030,1.100390,0.000000
1623,1.958730,0.925195,-0.201561
1624,1.958730,0.925195,0.201561
1625,1.960000,0.750000,-0.407500
1626,1.960000,0.750000,0.407500
1627,1.969370,0.670825,-0.202656
1628,1.969370,0.670825,0.202656
1629,1.978520,0.591650,0.000000
1630,1.984960,1.304590,0.000000
1631,1.991360,1.273310,-0.210782
1632,1.991360,1.273310,0.210782
1633,2.000000,0.750000,0.000000
1634,2.007990,0.721263,-0.409761
1635,2.007990,0.721263,0.409761
1636,2.008210,1.190840,-0.361340
1637,2.008210,1.190840,0.361340
1638,2.024710,0.614949,-0.288958
1639,2.024710,0.614949,0.288958
1640,2.032050,1.074240,-0.451675
1641,2.032050,1.074240,0.451675
1642,2.033790,0.556062,-0.106458
1643,2.033790,0.556062,0.106458
1644,2.059380,0.940576,-0.481787
1645,2.059380,0.940576,0.481787
1646,2.086440,1.330480,-0.101581
1647,2.086440,1.330480,0.101581
1648,2.086700,0.806915,-0.451675
1649,2.086700,0.806915,0.451675
1650,2.101410,1.278150,-0.275720
1651,2.101410,1.278150,0.275720
1652,2.110530,0.690317,-0.361340
1653,2.110530,0.690317,0.361340
1654,2.127390,0.607845,-0.210782
1655,2.127390,0.607845,0.210782
1656,2.127600,1.186560,-0.391812
1657,2.127600,1.186560,0.391812
1658,2.133790,0.576563,0.000000
1659,2.160540,1.071430,-0.449859
1660,2.160540,1.071430,0.449859
1661,2.169220,0.790259,-0.399360
1662,2.169220,0.790259,0.399360
1663,2.179690,1.385160,0.000000
1664,2.189760,1.358870,-0.195542
1665,2.189760,1.358870,0.195542
1666,2.194810,0.691761,-0.281559
1667,2.194810,0.691761,0.281559
1668,2.195710,0.948444,-0.449859
1669,2.195710,0.948444,0.449859
1670,2.208370,0.637082,-0.103732
1671,2.208370,0.637082,0.103732
1672,2.216310,1.289570,-0.335215
1673,2.216310,1.289570,0.335215
1674,2.220200,0.891314,-0.434457
1675,2.220200,0.891314,0.434457
1676,2.248570,1.433000,-0.092384
1677,2.248570,1.433000,0.092384
1678,2.253840,1.191600,-0.419019
1679,2.253840,1.191600,0.419019
1680,2.259440,0.772489,-0.349967
1681,2.259440,0.772489,0.349967
1682,2.268570,1.390160,-0.250758
1683,2.268570,1.390160,0.250758
1684,2.281890,0.696393,-0.204147
1685,2.281890,0.696393,0.204147
1686,2.290410,0.667529,0.000000
1687,2.296880,1.079300,-0.446953
1688,2.296880,1.079300,0.446953
1689,2.299250,0.874953,-0.384664
1690,2.299250,0.874953,0.384664
1691,2.303580,1.315200,-0.356340
1692,2.303580,1.315200,0.356340
1693,2.306440,1.504400,0.000000
1694,2.318380,1.483560,-0.173996
1695,2.318380,1.483560,0.173996
1696,2.330690,0.784406,-0.271218
1697,2.330690,0.784406,0.271218
1698,2.339910,0.966989,-0.419019
1699,2.339910,0.966989,0.419019
1700,2.347590,0.734271,-0.099922
1701,2.347590,0.734271,0.099922
1702,2.347590,1.220960,-0.409131
1703,2.347590,1.220960,0.409131
1704,2.349840,1.428640,-0.298279
1705,2.349840,1.428640,0.298279
1706,2.353180,1.568160,-0.080823
1707,2.353180,1.568160,0.080823
1708,2.375750,1.535310,-0.219377
1709,2.375750,1.535310,0.219377
1710,2.377440,0.869019,-0.335215
1711,2.377440,0.869019,0.335215
1712,2.387500,1.650000,0.000000
1713,2.394320,1.350980,-0.372849
1714,2.394320,1.350980,0.372849
1715,2.394600,1.120300,-0.409131
1716,2.394600,1.120300,0.409131
1717,2.400390,1.634690,-0.149297
1718,2.400390,1.634690,0.149297
1719,2.403990,0.799722,-0.195542
1720,2.403990,0.799722,0.195542
1721,2.414060,0.773438,0.000000
1722,2.415240,1.477810,-0.311747
1723,2.415240,1.477810,0.311747
1724,2.434380,1.594340,-0.255938
1725,2.434380,1.594340,0.255938
1726,2.438610,1.026060,-0.356340
1727,2.438610,1.026060,0.356340
1728,2.445310,1.261960,-0.397705
1729,2.445310,1.261960,0.397705
1730,2.451680,1.805340,-0.063087
1731,2.451680,1.805340,0.063087
1732,2.464890,1.405520,-0.357931
1733,2.464890,1.405520,0.357931
1734,2.473620,0.951099,-0.250758
1735,2.473620,0.951099,0.250758
1736,2.477680,1.786380,-0.171237
1737,2.477680,1.786380,0.171237
1738,2.482420,1.537280,-0.319922
1739,2.482420,1.537280,0.319922
1740,2.493620,0.908264,-0.092384
1741,2.493620,0.908264,0.092384
1742,2.496300,1.172950,-0.372849
1743,2.496300,1.172950,0.372849
1744,2.501560,1.971090,0.000000
1745,2.517270,1.965550,-0.103052
1746,2.517270,1.965550,0.103052
1747,2.517920,1.328310,-0.357931
1748,2.517920,1.328310,0.357931
1749,2.523180,1.753220,-0.243336
1750,2.523180,1.753220,0.243336
1751,2.537500,1.471870,-0.341250
1752,2.537500,1.471870,0.341250
1753,2.540780,1.095290,-0.298279
1754,2.540780,1.095290,0.298279
1755,2.549110,2.044640,-0.047716
1756,2.549110,2.044640,0.047716
1757,2.558690,1.950950,-0.176660
1758,2.558690,1.950950,0.176660
1759,2.567570,1.256030,-0.311747
1760,2.567570,1.256030,0.311747
1761,2.572250,1.040360,-0.173996
1762,2.572250,1.040360,0.173996
1763,2.579100,2.121970,0.000000
1764,2.580390,1.711530,-0.279386
1765,2.580390,1.711530,0.279386
1766,2.581010,2.037730,-0.129515
1767,2.581010,2.037730,0.129515
1768,2.584180,1.019530,0.000000
1769,2.592580,1.406470,-0.319922
1770,2.592580,1.406470,0.319922
1771,2.598490,2.119920,-0.087812
1772,2.598490,2.119920,0.087812
1773,2.601780,1.554720,-0.304019
1774,2.601780,1.554720,0.304019
1775,2.607070,1.198530,-0.219377
1776,2.607070,1.198530,0.219377
1777,2.611620,1.691280,-0.287908
1778,2.611620,1.691280,0.287908
1779,2.617250,1.930310,-0.220825
1780,2.617250,1.930310,0.220825
1781,2.629630,1.165680,-0.080823
1782,2.629630,1.165680,0.080823
1783,2.637880,2.025550,-0.180818
1784,2.637880,2.025550,0.180818
1785,2.640630,1.349410,-0.255938
1786,2.640630,1.349410,0.255938
1787,2.649600,2.114510,-0.150535
1788,2.649600,2.114510,0.150535
1789,2.650840,2.185470,-0.042461
1790,2.650840,2.185470,0.042461
1791,2.653910,1.504200,-0.264113
1792,2.653910,1.504200,0.264113
1793,2.665420,1.649250,-0.266995
1794,2.665420,1.649250,0.266995
1795,2.674610,1.309060,-0.149297
1796,2.674610,1.309060,0.149297
1797,2.678230,1.782540,-0.252819
1798,2.678230,1.782540,0.252819
1799,2.684380,1.906640,-0.235547
1800,2.684380,1.906640,0.235547
1801,2.687500,1.293750,0.000000
1802,2.691900,2.183610,-0.115251
1803,2.691900,2.183610,0.115251
1804,2.696450,1.463800,-0.185857
1805,2.696450,1.463800,0.185857
1806,2.700000,2.250000,0.000000
1807,2.708080,2.010370,-0.208084
1808,2.708080,2.010370,0.208084
1809,2.717030,1.611670,-0.213596
1810,2.717030,1.611670,0.213596
1811,2.720760,1.440720,-0.068474
1812,2.720760,1.440720,0.068474
1813,2.725780,2.250000,-0.082031
1814,2.725780,2.250000,0.082031
1815,2.725990,2.106430,-0.175250
1816,2.725990,2.106430,0.175250
1817,2.736000,1.751550,-0.219519
1818,2.736000,1.751550,0.219519
1819,2.750210,2.269190,-0.039734
1820,2.750210,2.269190,0.039734
1821,2.751500,1.882970,-0.220825
1822,2.751500,1.882970,0.220825
1823,2.753540,1.585080,-0.124598
1824,2.753540,1.585080,0.124598
1825,2.767380,1.575000,0.000000
1826,2.775560,2.284000,0.000000
1827,2.780990,1.994370,-0.208084
1828,2.780990,1.994370,0.208084
1829,2.783030,1.726700,-0.154476
1830,2.783030,1.726700,0.154476
1831,2.793750,2.250000,-0.140625
1832,2.793750,2.250000,0.140625
1833,2.797820,2.271750,-0.107849
1834,2.797820,2.271750,0.107849
1835,2.799490,2.292750,-0.076904
1836,2.799490,2.292750,0.076904
1837,2.800000,2.250000,0.000000
1838,2.804690,2.098100,-0.200713
1839,2.804690,2.098100,0.200713
1840,2.809900,1.712500,-0.056912
1841,2.809900,1.712500,0.056912
1842,2.810060,1.862330,-0.176660
1843,2.810060,1.862330,0.176660
1844,2.812010,2.178150,-0.169843
1845,2.812010,2.178150,0.169843
1846,2.812740,2.297540,-0.035632
1847,2.812740,2.297540,0.035632
1848,2.817190,2.250000,-0.049219
1849,2.817190,2.250000,0.049219
1850,2.825000,2.306250,0.000000
1851,2.830110,2.271290,-0.025891
1852,2.830110,2.271290,0.025891
1853,2.840630,2.292190,0.000000
1854,2.844790,2.299640,-0.029993
1855,2.844790,2.299640,0.029993
1856,2.850920,2.307160,-0.065625
1857,2.850920,2.307160,0.065625
1858,2.851180,1.979190,-0.180818
1859,2.851180,1.979190,0.180818
1860,2.851480,1.847730,-0.103052
1861,2.851480,1.847730,0.103052
1862,2.860480,2.300930,-0.096716
1863,2.860480,2.300930,0.096716
1864,2.862500,2.250000,-0.084375
1865,2.862500,2.250000,0.084375
1866,2.862630,2.292980,-0.054346
1867,2.862630,2.292980,0.054346
1868,2.865740,2.272010,-0.070276
1869,2.865740,2.272010,0.070276
1870,2.867190,1.842190,0.000000
1871,2.872280,2.294250,-0.131836
1872,2.872280,2.294250,0.131836
1873,2.883390,2.089770,-0.175250
1874,2.883390,2.089770,0.175250
1875,2.888360,2.301190,-0.081409
1876,2.888360,2.301190,0.081409
1877,2.898270,2.170880,-0.194382
1878,2.898270,2.170880,0.194382
1879,2.908050,1.967000,-0.129515
1880,2.908050,1.967000,0.129515
1881,2.919240,2.309550,-0.112500
1882,2.919240,2.309550,0.112500
1883,2.920640,2.295070,-0.093164
1884,2.920640,2.295070,0.093164
1885,2.932790,2.131030,-0.172211
1886,2.932790,2.131030,0.172211
1887,2.939800,2.273260,-0.158936
1888,2.939800,2.273260,0.158936
1889,2.939960,1.960100,-0.047716
1890,2.939960,1.960100,0.047716
1891,2.959780,2.081680,-0.150535
1892,2.959780,2.081680,0.150535
1893,2.969950,2.274120,-0.103564
1894,2.969950,2.274120,0.103564
1895,3.000000,2.250000,-0.187500
1896,3.000000,2.250000,-0.112500
1897,3.000000,2.250000,0.112500
1898,3.000000,2.250000,0.187500
1899,3.002810,2.304840,-0.142529
1900,3.002810,2.304840,0.142529
1901,3.010890,2.076270,-0.087812
1902,3.010890,2.076270,0.087812
1903,3.015780,2.305710,-0.119971
1904,3.015780,2.305710,0.119971
1905,3.030270,2.074220,0.000000
1906,3.041500,2.125670,-0.116276
1907,3.041500,2.125670,0.116276
1908,3.043230,2.211080,-0.166431
1909,3.043230,2.211080,0.166431
1910,3.068420,2.173450,-0.143215
1911,3.068420,2.173450,0.143215
1912,3.079290,2.123060,-0.042838
1913,3.079290,2.123060,0.042838
1914,3.093160,2.298780,-0.175781
1915,3.093160,2.298780,0.175781
1916,3.096680,2.301420,-0.124219
1917,3.096680,2.301420,0.124219
1918,3.126560,2.316800,-0.150000
1919,3.126560,2.316800,0.150000
1920,3.126720,2.277290,-0.103564
1921,3.126720,2.277290,0.103564
1922,3.126910,2.171280,-0.083542
1923,3.126910,2.171280,0.083542
1924,3.137500,2.250000,-0.084375
1925,3.137500,2.250000,0.084375
1926,3.149100,2.170460,0.000000
1927,3.153370,2.275520,-0.158936
1928,3.153370,2.275520,0.158936
1929,3.168950,2.211180,-0.112353
1930,3.168950,2.211180,0.112353
1931,3.182810,2.250000,-0.049219
1932,3.182810,2.250000,0.049219
1933,3.200000,2.250000,0.000000
1934,3.206250,2.250000,-0.140625
1935,3.206250,2.250000,0.140625
1936,3.207460,2.312510,-0.119971
1937,3.207460,2.312510,0.119971
1938,3.212560,2.210430,-0.041393
1939,3.212560,2.210430,0.041393
1940,3.216920,2.310730,-0.142529
1941,3.216920,2.310730,0.142529
1942,3.230940,2.279400,-0.070276
1943,3.230940,2.279400,0.070276
1944,3.267240,2.278140,-0.025891
1945,3.267240,2.278140,0.025891
1946,3.272720,2.307760,-0.093164
1947,3.272720,2.307760,0.093164
1948,3.274220,2.250000,-0.082031
1949,3.274220,2.250000,0.082031
1950,3.295340,2.277030,-0.107849
1951,3.295340,2.277030,0.107849
1952,3.300000,2.250000,0.000000
1953,3.314050,2.303310,-0.131836
1954,3.314050,2.303310,0.131836
1955,3.330730,2.309850,-0.054346
1956,3.330730,2.309850,0.054346
1957,3.333890,2.324050,-0.112500
1958,3.333890,2.324050,0.112500
1959,3.334890,2.317020,-0.081409
1960,3.334890,2.317020,0.081409
1961,3.342360,2.280060,-0.039734
1962,3.342360,2.280060,0.039734
1963,3.355430,2.302700,0.000000
1964,3.359250,2.314650,-0.096716
1965,3.359250,2.314650,0.096716
1966,3.379120,2.316580,-0.029993
1967,3.379120,2.316580,0.029993
1968,3.386840,2.304810,-0.076904
1969,3.386840,2.304810,0.076904
1970,3.402210,2.326440,-0.065625
1971,3.402210,2.326440,0.065625
1972,3.406390,2.318500,-0.035632
1973,3.406390,2.318500,0.035632
1974,3.408380,2.315430,0.000000
1975,3.428120,2.327340,0.000000
