0,2,3,1
1,7,8,6
2,7,6,5
3,9,8,7
4,13,12,3
5,6,15,14
6,8,16,15
7,8,15,6
8,20,21,19
9,20,19,18
10,22,23,21
11,22,21,20
12,24,25,22
13,25,23,22
14,26,27,24
15,27,25,24
16,19,29,28
17,21,30,29
18,21,29,19
19,23,31,30
20,23,30,21
21,25,32,23
22,32,31,23
23,27,33,25
24,33,32,25
25,34,33,27
26,0,28,35
27,29,36,35
28,29,35,28
29,30,37,36
30,30,36,29
31,31,38,37
32,31,37,30
33,32,39,31
34,39,38,31
35,33,40,32
36,40,39,32
37,34,41,33
38,41,40,33
39,41,34,10
40,44,20,18
41,44,18,43
42,45,22,20
43,45,20,44
44,46,24,45
45,24,22,45
46,47,26,46
47,26,24,46
48,0,11,42
49,12,43,11
50,43,42,11
51,13,44,12
52,44,43,12
53,14,45,13
54,45,44,13
55,15,46,45
56,15,45,14
57,16,47,46
58,16,46,15
59,17,48,47
60,17,47,16
61,48,17,10
62,49,50,51
63,52,53,51
64,52,51,50
65,54,55,53
66,54,53,52
67,56,57,55
68,56,55,54
69,58,59,56
70,59,57,56
71,60,61,58
72,61,59,58
73,62,63,60
74,63,61,60
75,63,62,64
76,49,51,65
77,53,66,51
78,66,65,51
79,55,67,53
80,67,66,53
81,57,68,55
82,68,67,55
83,59,69,68
84,59,68,57
85,61,70,69
86,61,69,59
87,63,71,70
88,63,70,61
89,71,63,64
90,73,54,72
91,54,52,72
92,74,56,73
93,56,54,73
94,75,58,56
95,75,56,74
96,76,60,58
97,76,58,75
98,77,76,75
99,78,76,77
100,49,65,79
101,66,80,79
102,66,79,65
103,67,81,80
104,67,80,66
105,68,82,81
106,68,81,67
107,69,83,68
108,83,82,68
109,70,84,69
110,84,83,69
111,71,85,70
112,85,84,70
113,85,71,64
114,49,79,86
115,80,87,86
116,80,86,79
117,81,88,87
118,81,87,80
119,82,89,88
120,82,88,81
121,83,90,82
122,90,89,82
123,84,91,83
124,91,90,83
125,85,92,84
126,92,91,84
127,92,85,64
128,49,86,93
129,87,94,93
130,87,93,86
131,88,95,94
132,88,94,87
133,89,95,88
134,90,96,89
135,91,97,90
136,97,96,90
137,92,98,91
138,98,97,91
139,98,92,64
140,93,99,100
141,93,100,49
142,94,101,99
143,94,99,93
144,95,102,101
145,95,101,94
146,97,104,96
147,104,103,96
148,98,105,97
149,105,104,97
150,64,106,98
151,106,105,98
152,106,64,107
153,64,78,107
154,99,108,109
155,99,109,100
156,101,108,99
157,105,111,104
158,106,112,105
159,112,111,105
160,127,128,126
161,124,123,128
162,124,128,127
163,35,117,0
164,41,127,40
165,10,124,41
166,124,127,41
167,128,114,126
168,108,115,109
169,115,116,109
170,118,115,108
171,111,122,121
172,112,123,122
173,112,122,111
174,0,1,11
175,3,12,1
176,12,11,1
177,9,16,8
178,17,9,10
179,9,17,16
180,0,42,28
181,18,19,28
182,43,18,28
183,43,28,42
184,34,26,47
185,34,27,26
186,34,48,10
187,48,34,47
188,72,52,50
189,62,60,76
190,78,62,76
191,62,78,64
192,107,78,77
193,107,77,114
194,128,107,114
195,112,106,107
196,123,112,107
197,123,107,128
198,38,125,37
199,127,126,40
200,40,126,39
201,115,1,116
202,1,117,116
203,1,0,117
204,118,2,115
205,2,1,115
206,119,4,118
207,4,2,118
208,121,5,120
209,121,7,5
210,122,7,121
211,122,9,7
212,123,9,122
213,123,124,9
214,124,10,9
215,101,118,108
216,102,118,101
217,102,119,118
218,104,121,103
219,111,121,104
220,121,120,103
221,74,73,113
222,133,125,134
223,136,38,137
224,141,126,142
225,129,130,149
226,150,149,130
227,130,131,150
228,151,150,131
229,131,132,151
230,132,133,151
231,152,151,133
232,133,134,152
233,153,152,134
234,134,135,153
235,135,136,153
236,141,142,154
237,142,143,154
238,155,154,143
239,143,144,155
240,144,145,155
241,156,155,145
242,145,146,156
243,149,150,159
244,159,158,149
245,150,151,160
246,160,159,150
247,151,152,161
248,161,160,151
249,152,153,162
250,162,161,152
251,164,157,175
252,165,175,157
253,157,158,166
254,166,165,157
255,158,159,167
256,167,166,158
257,159,160,167
258,168,167,160
259,160,161,168
260,169,168,161
261,161,162,169
262,170,169,162
263,175,165,192
264,176,192,165
265,165,166,177
266,177,176,165
267,168,169,178
268,179,178,169
269,169,170,179
270,170,171,180
271,181,180,171
272,182,181,171
273,172,173,187
274,187,186,172
275,188,187,173
276,189,188,174
277,192,191,175
278,192,176,204
279,193,204,176
280,180,181,195
281,196,195,181
282,181,182,197
283,197,196,181
284,182,183,198
285,198,197,182
286,183,184,198
287,199,198,184
288,184,185,200
289,200,199,184
290,185,186,201
291,201,200,185
292,186,187,202
293,202,201,186
294,188,189,203
295,204,193,210
296,197,198,205
297,198,199,206
298,206,205,198
299,199,200,207
300,207,206,199
301,200,201,208
302,208,207,200
303,201,202,209
304,209,208,201
305,205,206,211
306,212,211,206
307,206,207,213
308,213,212,206
309,207,208,213
310,214,213,208
311,208,209,215
312,215,214,208
313,211,212,217
314,218,217,212
315,212,213,219
316,219,218,212
317,213,214,220
318,220,219,213
319,214,215,221
320,221,220,214
321,217,218,222
322,223,222,218
323,218,219,224
324,224,223,218
325,219,220,224
326,225,224,220
327,220,221,225
328,226,225,221
329,224,225,227
330,228,227,225
331,225,226,228
332,229,228,226
333,227,228,230
334,228,229,231
335,231,230,228
336,129,74,130
337,113,131,130
338,74,113,130
339,131,113,132
340,125,133,132
341,113,125,132
342,134,125,135
343,38,136,135
344,125,38,135
345,137,38,138
346,39,139,138
347,38,39,138
348,139,39,140
349,126,141,140
350,39,126,140
351,142,126,143
352,114,144,143
353,126,114,143
354,77,145,144
355,144,114,77
356,145,77,146
357,75,147,146
358,77,75,146
359,74,129,148
360,147,75,148
361,75,74,148
362,183,182,171
363,233,227,234
364,235,230,236
365,236,230,237
366,238,231,239
367,239,231,240
368,244,222,245
369,245,222,246
370,247,249,246
371,246,249,245
372,245,249,244
373,235,250,234
374,249,233,250
375,234,250,233
376,238,252,237
377,237,252,236
378,236,252,235
379,250,235,252
380,253,248,254
381,256,239,240
382,254,258,253
383,252,259,250
384,260,254,251
385,251,261,260
386,261,255,260
387,251,262,261
388,263,259,252
389,256,263,239
390,239,263,238
391,252,238,263
392,263,264,259
393,260,255,264
394,259,264,255
395,264,263,258
396,260,264,254
397,258,254,264
398,224,227,233
399,227,230,235
400,234,227,235
401,231,238,237
402,237,230,231
403,240,231,229
404,222,244,243
405,217,222,243
406,223,247,246
407,246,222,223
408,247,223,232
409,233,249,232
410,232,223,233
411,223,224,233
412,232,249,247
413,265,49,266
414,269,116,270
415,271,117,272
416,280,113,281
417,281,113,282
418,284,72,285
419,287,265,304
420,288,304,265
421,265,266,288
422,289,288,266
423,266,267,289
424,267,268,289
425,290,289,268
426,268,269,290
427,269,270,290
428,291,290,270
429,270,271,291
430,292,291,271
431,271,272,292
432,293,292,272
433,272,273,293
434,294,293,273
435,273,274,294
436,295,294,274
437,274,275,295
438,275,276,295
439,296,295,276
440,276,277,296
441,297,296,277
442,277,278,297
443,298,297,278
444,278,279,298
445,279,280,298
446,299,298,280
447,280,281,299
448,281,282,299
449,300,299,282
450,282,283,300
451,283,284,300
452,301,300,284
453,302,301,284
454,284,285,302
455,303,302,285
456,285,286,303
457,286,287,303
458,304,303,287
459,304,288,321
460,305,321,288
461,288,289,305
462,306,305,289
463,289,290,306
464,307,306,290
465,290,291,307
466,308,307,291
467,291,292,309
468,309,308,291
469,292,293,310
470,310,309,292
471,293,294,311
472,311,310,293
473,294,295,312
474,312,311,294
475,295,296,313
476,313,312,295
477,296,297,314
478,314,313,296
479,297,298,315
480,315,314,297
481,298,299,316
482,316,315,298
483,299,300,316
484,317,316,300
485,300,301,317
486,318,317,301
487,301,302,318
488,319,318,302
489,302,303,319
490,320,319,303
491,303,304,320
492,321,320,304
493,321,305,337
494,322,337,305
495,305,306,322
496,323,322,306
497,306,307,323
498,324,323,307
499,307,308,324
500,325,324,308
501,308,309,326
502,326,325,308
503,309,310,326
504,327,326,310
505,310,311,327
506,328,327,311
507,311,312,329
508,329,328,311
509,313,314,330
510,314,315,331
511,331,330,314
512,315,316,332
513,332,331,315
514,316,317,333
515,333,332,316
516,317,318,333
517,334,333,318
518,318,319,334
519,335,334,319
520,319,320,335
521,336,335,320
522,320,321,337
523,337,336,320
524,337,322,338
525,322,323,338
526,323,324,338
527,324,325,338
528,325,326,338
529,326,327,338
530,327,328,338
531,328,329,338
532,330,331,338
533,331,332,338
534,332,333,338
535,333,334,338
536,334,335,338
537,335,336,338
538,336,337,338
539,49,100,267
540,266,49,267
541,100,109,268
542,267,100,268
543,109,116,269
544,268,109,269
545,117,271,270
546,270,116,117
547,35,273,272
548,272,117,35
549,35,36,274
550,273,35,274
551,36,276,275
552,274,36,275
553,36,37,277
554,276,36,277
555,37,125,278
556,277,37,278
557,278,125,279
558,113,280,279
559,125,113,279
560,113,73,283
561,282,113,283
562,72,284,283
563,283,73,72
564,50,286,285
565,285,72,50
566,286,50,287
567,49,265,287
568,50,49,287
569,312,313,329
570,330,329,313
571,329,330,338
572,342,103,343
573,347,102,348
574,351,339,363
575,352,363,339
576,353,352,339
577,340,341,354
578,355,354,341
579,341,342,355
580,342,343,355
581,356,355,343
582,343,344,356
583,357,356,344
584,344,345,357
585,358,357,345
586,359,358,345
587,345,346,359
588,360,359,346
589,346,347,360
590,361,360,347
591,347,348,361
592,348,349,361
593,362,361,349
594,349,350,362
595,350,351,362
596,363,362,351
597,363,352,375
598,364,375,352
599,352,353,364
600,365,364,353
601,354,355,366
602,367,366,355
603,355,356,367
604,368,367,356
605,356,357,368
606,369,368,357
607,357,358,369
608,370,369,358
609,358,359,371
610,371,370,358
611,359,360,372
612,372,371,359
613,360,361,373
614,373,372,360
615,361,362,374
616,374,373,361
617,362,363,375
618,375,374,362
619,375,364,387
620,376,387,364
621,364,365,376
622,377,376,365
623,366,367,378
624,379,378,367
625,367,368,380
626,380,379,367
627,368,369,381
628,381,380,368
629,369,370,381
630,382,381,370
631,370,371,383
632,383,382,370
633,371,372,384
634,384,383,371
635,372,373,384
636,385,384,373
637,373,374,386
638,386,385,373
639,374,375,387
640,387,386,374
641,387,376,398
642,388,398,376
643,376,377,388
644,389,388,377
645,378,379,391
646,391,390,378
647,379,380,392
648,392,391,379
649,380,381,393
650,393,392,380
651,381,382,393
652,383,384,394
653,395,394,384
654,384,385,395
655,396,395,385
656,385,386,396
657,397,396,386
658,386,387,398
659,398,397,386
660,398,388,399
661,388,389,399
662,390,391,399
663,391,392,399
664,392,393,399
665,394,395,399
666,395,396,399
667,396,397,399
668,397,398,399
669,339,89,96
670,340,96,341
671,103,342,341
672,96,103,341
673,120,344,343
674,343,103,120
675,110,345,344
676,344,120,110
677,110,119,346
678,345,110,346
679,119,102,347
680,346,119,347
681,348,102,95
682,349,348,95
683,95,350,349
684,350,95,351
685,89,339,351
686,95,89,351
687,339,340,353
688,340,339,96
689,354,353,340
690,353,354,365
691,366,365,354
692,365,366,377
693,378,377,366
694,377,378,390
695,390,389,377
696,389,390,399
697,382,383,393
698,394,393,383
699,393,394,399
700,403,5,404
701,411,4,412
702,413,400,423
703,414,423,400
704,400,401,414
705,415,414,401
706,401,402,415
707,416,415,402
708,402,403,416
709,403,404,416
710,417,416,404
711,404,405,417
712,405,406,417
713,418,417,406
714,419,418,406
715,406,407,419
716,420,419,407
717,409,410,421
718,422,421,410
719,410,411,422
720,411,412,422
721,412,413,422
722,423,422,413
723,423,414,432
724,424,432,414
725,414,415,424
726,425,424,415
727,415,416,425
728,426,425,416
729,416,417,427
730,427,426,416
731,417,418,428
732,428,427,417
733,418,419,428
734,419,420,429
735,421,422,431
736,431,430,421
737,422,423,432
738,432,431,422
739,432,424,441
740,433,441,424
741,424,425,433
742,434,433,425
743,425,426,435
744,435,434,425
745,426,427,436
746,436,435,426
747,427,428,437
748,437,436,427
749,430,431,439
750,440,439,431
751,431,432,440
752,441,440,432
753,441,433,449
754,434,435,442
755,443,442,435
756,435,436,444
757,444,443,435
758,436,437,445
759,445,444,436
760,439,440,447
761,448,447,440
762,440,441,448
763,449,448,441
764,442,443,450
765,451,450,443
766,443,444,451
767,452,451,444
768,444,445,452
769,453,452,445
770,447,448,456
771,456,455,447
772,448,449,457
773,457,456,448
774,450,451,458
775,451,452,458
776,452,453,458
777,455,456,458
778,456,457,458
779,110,401,400
780,400,119,110
781,120,402,401
782,401,110,120
783,5,403,402
784,402,120,5
785,6,405,404
786,404,5,6
787,405,6,406
788,14,407,406
789,6,14,406
790,409,408,13
791,412,4,413
792,119,400,413
793,4,119,413
794,407,408,420
795,407,14,408
796,408,14,13
797,4,410,2
798,410,4,411
799,410,3,2
800,410,13,3
801,13,410,409
802,408,409,420
803,421,420,409
804,429,428,419
805,428,429,438
806,420,421,429
807,430,429,421
808,438,437,428
809,437,438,446
810,429,430,438
811,439,438,430
812,433,434,449
813,442,449,434
814,446,445,437
815,445,446,454
816,438,439,446
817,447,446,439
818,446,447,455
819,449,442,457
820,450,457,442
821,457,450,458
822,454,453,445
823,453,454,458
824,455,454,446
825,454,455,458
826,460,461,468
827,469,468,461
828,471,470,462
829,462,463,471
830,472,471,463
831,463,464,472
832,464,465,472
833,473,472,465
834,466,467,476
835,476,475,466
836,477,476,467
837,474,475,479
838,479,478,474
839,475,476,480
840,480,479,475
841,476,477,481
842,481,480,476
843,479,480,483
844,483,482,479
845,480,481,484
846,484,483,480
847,485,484,481
848,148,129,459
849,129,149,460
850,459,129,460
851,460,149,461
852,462,158,463
853,157,464,463
854,158,157,463
855,157,164,465
856,464,157,465
857,461,462,469
858,462,461,149
859,470,469,462
860,149,158,462
861,459,460,467
862,468,467,460
863,467,468,477
864,477,485,481
865,485,477,468
866,468,469,485
867,486,153,487
868,486,487,497
869,489,490,500
870,490,491,500
871,501,500,491
872,491,492,501
873,492,493,501
874,502,501,493
875,503,502,493
876,493,494,503
877,494,495,503
878,504,503,495
879,495,496,504
880,497,498,506
881,506,505,497
882,500,501,513
883,513,512,500
884,501,502,514
885,514,513,501
886,502,503,515
887,515,514,502
888,503,504,516
889,516,515,503
890,505,506,517
891,519,518,507
892,520,519,507
893,522,521,508
894,509,510,523
895,524,523,510
896,512,513,527
897,527,526,512
898,513,514,528
899,528,527,513
900,514,515,529
901,529,528,514
902,515,516,530
903,530,529,515
904,519,520,534
905,534,533,519
906,520,521,534
907,535,534,521
908,521,522,535
909,536,535,522
910,523,524,538
911,538,537,523
912,526,527,540
913,541,540,527
914,527,528,541
915,542,541,528
916,528,529,543
917,543,542,528
918,529,530,543
919,544,543,530
920,531,532,545
921,546,545,532
922,533,534,548
923,548,547,533
924,534,535,548
925,549,548,535
926,535,536,550
927,550,549,535
928,540,541,553
929,554,553,541
930,541,542,554
931,542,543,555
932,543,544,555
933,556,555,544
934,545,546,557
935,558,557,546
936,547,548,560
937,560,559,547
938,548,549,561
939,561,560,548
940,549,550,562
941,562,561,549
942,563,562,550
943,565,564,551
944,553,554,567
945,568,567,554
946,570,569,555
947,555,556,570
948,571,570,556
949,557,558,572
950,573,572,558
951,559,560,575
952,575,574,559
953,560,561,575
954,576,575,561
955,561,562,577
956,577,576,561
957,563,564,578
958,564,565,579
959,579,578,564
960,567,568,581
961,582,581,568
962,568,569,582
963,570,571,583
964,584,583,571
965,572,573,585
966,574,575,585
967,575,576,585
968,576,577,585
969,578,579,585
970,581,582,585
971,583,584,585
972,136,137,488
973,489,183,490
974,171,491,490
975,183,171,490
976,171,493,492
977,491,171,492
978,170,494,493
979,493,171,170
980,162,495,494
981,494,170,162
982,495,162,496
983,486,496,162
984,162,153,486
985,487,488,497
986,487,153,488
987,153,136,488
988,498,497,488
989,489,184,183
990,500,499,489
991,499,500,512
992,496,486,504
993,497,504,486
994,504,497,505
995,506,507,518
996,511,510,499
997,510,511,524
998,512,511,499
999,511,512,526
1000,505,516,504
1001,516,505,517
1002,518,517,506
1003,517,518,532
1004,532,531,517
1005,508,509,522
1006,523,522,509
1007,522,523,537
1008,525,524,511
1009,524,525,538
1010,526,525,511
1011,525,526,540
1012,517,530,516
1013,530,517,531
1014,518,519,532
1015,533,532,519
1016,537,536,522
1017,536,537,551
1018,539,538,525
1019,540,539,525
1020,539,540,553
1021,531,544,530
1022,532,533,546
1023,547,546,533
1024,551,550,536
1025,550,551,564
1026,564,563,550
1027,537,538,551
1028,538,539,551
1029,552,551,539
1030,553,552,539
1031,552,553,567
1032,555,554,542
1033,554,555,569
1034,569,568,554
1035,544,531,556
1036,545,556,531
1037,546,547,558
1038,559,558,547
1039,566,565,551
1040,551,552,566
1041,567,566,552
1042,566,567,581
1043,556,545,571
1044,557,571,545
1045,558,559,573
1046,574,573,559
1047,573,574,585
1048,562,563,577
1049,578,577,563
1050,577,578,585
1051,565,566,580
1052,580,579,565
1053,579,580,585
1054,581,580,566
1055,580,581,585
1056,569,570,582
1057,583,582,570
1058,582,583,585
1059,571,557,584
1060,572,584,557
1061,584,572,585
1062,587,482,588
1063,588,482,589
1064,591,485,592
1065,592,485,593
1066,596,472,597
1067,598,473,599
1068,599,473,600
1069,479,482,587
1070,589,482,483
1071,483,484,590
1072,484,485,591
1073,590,484,591
1074,593,485,469
1075,471,472,596
1076,595,471,596
1077,473,598,597
1078,597,472,473
1079,478,479,587
1080,586,478,587
1081,483,590,589
1082,595,470,471
1083,594,470,595
1084,594,469,470
1085,469,594,593
1086,586,587,601
1087,602,601,587
1088,587,588,602
1089,603,602,588
1090,588,589,603
1091,604,603,589
1092,589,590,604
1093,590,591,604
1094,605,604,591
1095,591,592,605
1096,592,593,605
1097,606,605,593
1098,593,594,606
1099,607,606,594
1100,594,595,607
1101,608,607,595
1102,595,596,608
1103,609,608,596
1104,596,597,609
1105,597,598,609
1106,610,609,598
1107,598,599,610
1108,599,600,610
1109,611,610,600
1110,614,601,615
1111,601,602,616
1112,616,615,601
1113,602,603,617
1114,617,616,602
1115,603,604,618
1116,618,617,603
1117,604,605,618
1118,619,618,605
1119,605,606,619
1120,620,619,606
1121,606,607,620
1122,621,620,607
1123,607,608,621
1124,622,621,608
1125,608,609,622
1126,623,622,609
1127,609,610,623
1128,624,623,610
1129,610,611,625
1130,625,624,610
1131,611,612,626
1132,626,625,611
1133,612,613,627
1134,627,626,612
1135,615,616,629
1136,629,628,615
1137,616,617,630
1138,630,629,616
1139,617,618,631
1140,631,630,617
1141,618,619,631
1142,632,631,619
1143,619,620,632
1144,633,632,620
1145,620,621,633
1146,634,633,621
1147,621,622,634
1148,635,634,622
1149,622,623,635
1150,636,635,623
1151,623,624,636
1152,637,636,624
1153,624,625,638
1154,638,637,624
1155,625,626,639
1156,639,638,625
1157,626,627,640
1158,640,639,626
1159,628,629,642
1160,642,641,628
1161,629,630,643
1162,643,642,629
1163,630,631,644
1164,644,643,630
1165,631,632,645
1166,645,644,631
1167,632,633,645
1168,646,645,633
1169,633,634,646
1170,647,646,634
1171,634,635,647
1172,648,647,635
1173,635,636,648
1174,649,648,636
1175,636,637,649
1176,650,649,637
1177,637,638,651
1178,651,650,637
1179,638,639,652
1180,652,651,638
1181,639,640,653
1182,653,652,639
1183,641,642,655
1184,655,654,641
1185,642,643,656
1186,656,655,642
1187,643,644,657
1188,657,656,643
1189,644,645,658
1190,658,657,644
1191,645,646,658
1192,659,658,646
1193,646,647,659
1194,660,659,647
1195,647,648,660
1196,661,660,648
1197,648,649,661
1198,662,661,649
1199,649,650,662
1200,663,662,650
1201,650,651,664
1202,664,663,650
1203,651,652,665
1204,665,664,651
1205,652,653,666
1206,666,665,652
1207,654,655,668
1208,668,667,654
1209,655,656,669
1210,669,668,655
1211,656,657,670
1212,670,669,656
1213,657,658,671
1214,671,670,657
1215,658,659,671
1216,672,671,659
1217,659,660,672
1218,673,672,660
1219,660,661,673
1220,674,673,661
1221,661,662,674
1222,675,674,662
1223,662,663,675
1224,676,675,663
1225,663,664,677
1226,677,676,663
1227,664,665,678
1228,678,677,664
1229,665,666,679
1230,679,678,665
1231,667,668,680
1232,668,669,680
1233,669,670,680
1234,670,671,680
1235,671,672,680
1236,672,673,680
1237,673,674,680
1238,674,675,680
1239,675,676,680
1240,676,677,680
1241,677,678,680
1242,678,679,680
1243,615,627,614
1244,627,615,628
1245,613,614,627
1246,628,640,627
1247,640,628,641
1248,641,653,640
1249,653,641,654
1250,654,666,653
1251,666,654,667
1252,667,679,666
1253,679,667,680
1254,681,177,682
1255,685,194,686
1256,690,689,681
1257,681,682,690
1258,683,684,692
1259,684,685,692
1260,693,692,685
1261,685,686,693
1262,694,693,686
1263,696,695,687
1264,699,698,688
1265,688,689,699
1266,700,699,689
1267,689,690,701
1268,701,700,689
1269,690,691,701
1270,702,701,691
1271,692,693,703
1272,704,703,693
1273,693,694,705
1274,705,704,693
1275,694,695,706
1276,706,705,694
1277,695,696,707
1278,707,706,695
1279,708,707,696
1280,716,697,736
1281,717,736,697
1282,697,698,718
1283,718,717,697
1284,698,699,718
1285,719,718,699
1286,699,700,719
1287,720,719,700
1288,700,701,721
1289,721,720,700
1290,701,702,722
1291,722,721,701
1292,703,704,723
1293,724,723,704
1294,704,705,725
1295,725,724,704
1296,705,706,726
1297,726,725,705
1298,706,707,727
1299,727,726,706
1300,707,708,728
1301,728,727,707
1302,708,709,729
1303,729,728,708
1304,709,710,730
1305,730,729,709
1306,711,712,731
1307,732,731,712
1308,712,713,732
1309,733,732,713
1310,713,714,733
1311,734,733,714
1312,714,715,734
1313,735,734,715
1314,736,717,757
1315,737,757,717
1316,717,718,737
1317,738,737,718
1318,718,719,738
1319,739,738,719
1320,719,720,739
1321,740,739,720
1322,720,721,740
1323,741,740,721
1324,721,722,741
1325,742,741,722
1326,723,724,744
1327,744,743,723
1328,724,725,745
1329,745,744,724
1330,725,726,746
1331,746,745,725
1332,726,727,747
1333,747,746,726
1334,727,728,748
1335,748,747,727
1336,728,729,749
1337,749,748,728
1338,729,730,750
1339,750,749,729
1340,731,732,751
1341,752,751,732
1342,732,733,752
1343,753,752,733
1344,733,734,753
1345,754,753,734
1346,734,735,754
1347,755,754,735
1348,757,756,736
1349,757,737,778
1350,758,778,737
1351,737,738,759
1352,759,758,737
1353,738,739,760
1354,760,759,738
1355,739,740,761
1356,761,760,739
1357,740,741,762
1358,762,761,740
1359,741,742,763
1360,763,762,741
1361,743,744,764
1362,765,764,744
1363,744,745,765
1364,766,765,745
1365,745,746,766
1366,767,766,746
1367,746,747,767
1368,768,767,747
1369,747,748,768
1370,769,768,748
1371,748,749,770
1372,770,769,748
1373,749,750,771
1374,771,770,749
1375,751,752,772
1376,773,772,752
1377,752,753,773
1378,774,773,753
1379,753,754,774
1380,775,774,754
1381,754,755,775
1382,776,775,755
1383,755,756,776
1384,777,776,756
1385,756,757,778
1386,778,777,756
1387,778,758,794
1388,759,760,779
1389,780,779,760
1390,760,761,780
1391,781,780,761
1392,761,762,781
1393,782,781,762
1394,762,763,783
1395,783,782,762
1396,764,765,785
1397,785,784,764
1398,765,766,786
1399,786,785,765
1400,766,767,787
1401,787,786,766
1402,767,768,788
1403,788,787,767
1404,768,769,789
1405,789,788,768
1406,769,770,790
1407,790,789,769
1408,770,771,791
1409,791,790,770
1410,774,775,792
1411,777,778,793
1412,794,793,778
1413,779,780,795
1414,780,781,795
1415,781,782,795
1416,782,783,795
1417,784,785,795
1418,785,786,795
1419,786,787,795
1420,787,788,795
1421,788,789,795
1422,789,790,795
1423,790,791,795
1424,793,794,795
1425,194,685,684
1426,686,194,216
1427,681,176,177
1428,681,193,176
1429,689,688,681
1430,682,683,690
1431,691,690,683
1432,166,167,683
1433,167,168,683
1434,683,177,166
1435,682,177,683
1436,178,683,168
1437,683,178,194
1438,683,194,684
1439,686,687,694
1440,687,686,216
1441,695,694,687
1442,692,691,683
1443,691,692,703
1444,703,702,691
1445,702,703,723
1446,710,711,731
1447,723,722,702
1448,722,723,743
1449,731,730,710
1450,730,731,751
1451,715,716,735
1452,736,735,716
1453,735,736,756
1454,756,755,735
1455,743,742,722
1456,742,743,764
1457,751,750,730
1458,750,751,772
1459,764,763,742
1460,763,764,784
1461,772,771,750
1462,758,759,794
1463,779,794,759
1464,794,779,795
1465,784,783,763
1466,783,784,795
1467,771,772,791
1468,792,791,772
1469,772,773,792
1470,773,774,792
1471,791,792,795
1472,793,792,775
1473,792,793,795
1474,775,776,793
1475,776,777,793
1476,796,194,797
1477,799,179,800
1478,806,796,816
1479,807,816,796
1480,808,807,796
1481,796,797,808
1482,809,808,797
1483,797,798,809
1484,798,799,809
1485,810,809,799
1486,799,800,810
1487,811,810,800
1488,813,812,802
1489,802,803,813
1490,814,813,803
1491,816,807,832
1492,817,832,807
1493,807,808,818
1494,818,817,807
1495,808,809,819
1496,819,818,808
1497,809,810,819
1498,820,819,810
1499,810,811,821
1500,821,820,810
1501,812,813,822
1502,823,822,813
1503,813,814,823
1504,824,823,814
1505,831,830,815
1506,832,817,848
1507,833,848,817
1508,817,818,834
1509,834,833,817
1510,818,819,835
1511,835,834,818
1512,819,820,835
1513,836,835,820
1514,820,821,837
1515,837,836,820
1516,822,823,839
1517,839,838,822
1518,823,824,840
1519,840,839,823
1520,824,825,840
1521,841,840,825
1522,825,826,842
1523,842,841,825
1524,826,827,843
1525,843,842,826
1526,827,828,844
1527,844,843,827
1528,828,829,845
1529,845,844,828
1530,829,830,845
1531,846,845,830
1532,830,831,846
1533,847,846,831
1534,848,833,864
1535,849,864,833
1536,833,834,850
1537,850,849,833
1538,834,835,851
1539,851,850,834
1540,835,836,851
1541,852,851,836
1542,838,839,855
1543,855,854,838
1544,839,840,856
1545,856,855,839
1546,840,841,857
1547,857,856,840
1548,841,842,858
1549,858,857,841
1550,842,843,859
1551,859,858,842
1552,843,844,860
1553,860,859,843
1554,844,845,860
1555,861,860,845
1556,845,846,861
1557,862,861,846
1558,846,847,862
1559,863,862,847
1560,864,849,865
1561,865,880,864
1562,849,850,866
1563,866,865,849
1564,850,851,867
1565,867,866,850
1566,851,852,867
1567,868,867,852
1568,869,868,852
1569,854,855,870
1570,871,870,855
1571,855,856,871
1572,872,871,856
1573,856,857,872
1574,873,872,857
1575,857,858,873
1576,874,873,858
1577,858,859,875
1578,875,874,858
1579,859,860,876
1580,876,875,859
1581,860,861,877
1582,877,876,860
1583,861,862,877
1584,878,877,862
1585,862,863,879
1586,879,878,862
1587,880,865,896
1588,881,896,865
1589,865,866,882
1590,882,881,865
1591,866,867,882
1592,883,882,867
1593,867,868,883
1594,884,883,868
1595,870,871,886
1596,887,886,871
1597,871,872,888
1598,888,887,871
1599,872,873,888
1600,889,888,873
1601,873,874,890
1602,890,889,873
1603,874,875,891
1604,891,890,874
1605,875,876,892
1606,892,891,875
1607,876,877,893
1608,893,892,876
1609,877,878,893
1610,894,893,878
1611,878,879,894
1612,895,894,879
1613,896,881,897
1614,897,912,896
1615,881,882,898
1616,898,897,881
1617,882,883,898
1618,899,898,883
1619,883,884,899
1620,900,899,884
1621,901,900,884
1622,886,887,902
1623,903,902,887
1624,887,888,903
1625,904,903,888
1626,888,889,904
1627,905,904,889
1628,889,890,906
1629,906,905,889
1630,890,891,907
1631,907,906,890
1632,891,892,908
1633,908,907,891
1634,892,893,909
1635,909,908,892
1636,893,894,909
1637,910,909,894
1638,894,895,910
1639,911,910,895
1640,912,897,913
1641,897,898,913
1642,898,899,913
1643,899,900,913
1644,900,901,913
1645,902,903,913
1646,903,904,913
1647,904,905,913
1648,905,906,913
1649,906,907,913
1650,907,908,913
1651,908,909,913
1652,909,910,913
1653,910,911,913
1654,797,194,178
1655,179,799,798
1656,798,797,178
1657,178,179,798
1658,170,180,801
1659,180,195,803
1660,802,180,803
1661,805,216,806
1662,194,796,806
1663,216,194,806
1664,801,179,170
1665,800,179,801
1666,801,802,812
1667,801,180,802
1668,804,216,805
1669,800,801,811
1670,812,811,801
1671,811,812,822
1672,804,805,815
1673,805,806,815
1674,816,815,806
1675,822,821,811
1676,821,822,838
1677,815,816,831
1678,832,831,816
1679,838,837,821
1680,837,838,854
1681,854,853,837
1682,831,832,847
1683,848,847,832
1684,836,837,853
1685,853,852,836
1686,852,853,869
1687,847,848,863
1688,864,863,848
1689,863,864,880
1690,853,854,869
1691,870,869,854
1692,869,870,886
1693,886,885,869
1694,880,879,863
1695,879,880,896
1696,868,869,885
1697,885,884,868
1698,884,885,901
1699,896,895,879
1700,895,896,912
1701,885,886,901
1702,902,901,886
1703,901,902,913
1704,912,911,895
1705,911,912,913
1706,925,215,926
1707,914,915,929
1708,930,929,915
1709,931,930,915
1710,915,916,931
1711,932,931,916
1712,916,917,932
1713,933,932,917
1714,917,918,933
1715,934,933,918
1716,918,919,934
1717,935,934,919
1718,919,920,935
1719,920,921,935
1720,936,935,921
1721,921,922,936
1722,937,936,922
1723,922,923,937
1724,923,924,937
1725,938,937,924
1726,925,926,940
1727,926,927,940
1728,941,940,927
1729,927,928,941
1730,942,941,928
1731,942,929,955
1732,943,955,929
1733,929,930,943
1734,944,943,930
1735,930,931,945
1736,945,944,930
1737,931,932,946
1738,946,945,931
1739,932,933,947
1740,947,946,932
1741,933,934,948
1742,948,947,933
1743,935,936,949
1744,936,937,950
1745,950,949,936
1746,937,938,951
1747,951,950,937
1748,938,939,951
1749,952,951,939
1750,939,940,952
1751,953,952,940
1752,940,941,953
1753,954,953,941
1754,941,942,954
1755,955,954,942
1756,955,943,968
1757,956,968,943
1758,943,944,956
1759,957,956,944
1760,944,945,958
1761,958,957,944
1762,945,946,959
1763,959,958,945
1764,946,947,960
1765,960,959,946
1766,947,948,961
1767,961,960,947
1768,949,950,963
1769,963,962,949
1770,950,951,964
1771,964,963,950
1772,951,952,964
1773,965,964,952
1774,952,953,965
1775,966,965,953
1776,953,954,966
1777,967,966,954
1778,954,955,967
1779,968,967,955
1780,968,956,981
1781,969,981,956
1782,956,957,969
1783,970,969,957
1784,957,958,971
1785,971,970,957
1786,958,959,972
1787,972,971,958
1788,959,960,973
1789,973,972,959
1790,960,961,974
1791,974,973,960
1792,962,963,976
1793,976,975,962
1794,963,964,977
1795,977,976,963
1796,964,965,977
1797,978,977,965
1798,965,966,978
1799,979,978,966
1800,966,967,979
1801,980,979,967
1802,967,968,980
1803,981,980,968
1804,981,969,982
1805,969,970,982
1806,970,971,982
1807,971,972,982
1808,972,973,982
1809,973,974,982
1810,975,976,982
1811,976,977,982
1812,977,978,982
1813,978,979,982
1814,979,980,982
1815,980,981,982
1816,914,202,187
1817,915,914,187
1818,187,188,915
1819,916,915,188
1820,188,917,916
1821,188,203,918
1822,917,188,918
1823,215,209,927
1824,926,215,927
1825,927,209,928
1826,209,202,928
1827,202,914,928
1828,928,914,942
1829,929,942,914
1830,221,215,925
1831,940,939,925
1832,938,924,226
1833,939,221,925
1834,226,221,939
1835,939,938,226
1836,934,935,948
1837,949,948,935
1838,948,949,962
1839,962,961,948
1840,961,962,975
1841,975,974,961
1842,974,975,982
1843,984,241,985
1844,986,804,987
1845,991,262,992
1846,994,995,996
1847,983,996,995
1848,984,997,983
1849,996,983,997
1850,997,984,985
1851,988,998,987
1852,987,998,986
1853,997,986,998
1854,993,994,999
1855,996,999,994
1856,992,999,991
1857,997,1000,996
1858,999,996,1000
1859,257,241,984
1860,983,257,984
1861,815,988,987
1862,987,804,815
1863,830,829,989
1864,829,828,990
1865,992,262,251
1866,257,983,995
1867,994,257,995
1868,986,216,804
1869,985,986,997
1870,985,241,986
1871,241,216,986
1872,989,998,988
1873,988,815,989
1874,815,830,989
1875,989,990,998
1876,989,829,990
1877,993,999,992
1878,251,993,992
1879,1002,1003,1001
1880,1002,1004,1003
1881,251,254,1001
1882,248,1002,1001
1883,1001,254,248
1884,1007,712,1008
1885,1010,1004,1011
1886,1013,248,1014
1887,1014,248,1015
1888,1012,1020,1011
1889,1011,1020,1010
1890,1015,1021,1014
1891,1014,1021,1013
1892,1020,1012,1021
1893,1021,1022,1020
1894,1017,1020,1022
1895,1017,1022,1016
1896,1005,1006,1023
1897,1024,1017,1016
1898,1008,1009,1025
1899,1025,1018,1023
1900,1008,1025,1007
1901,1023,1006,1025
1902,1016,1026,1024
1903,1026,1018,1024
1904,1027,1018,1026
1905,1028,1016,1019
1906,1016,1028,1026
1907,1027,1026,1028
1908,1023,1030,1029
1909,1027,1030,1018
1910,1030,1023,1018
1911,713,1006,1005
1912,1005,714,713
1913,711,1009,1008
1914,1008,712,711
1915,1002,1012,1011
1916,1011,1004,1002
1917,1015,248,253
1918,715,714,1005
1919,1023,1029,1005
1920,1007,713,712
1921,1006,713,1007
1922,1007,1025,1006
1923,1013,1021,1012
1924,1012,1002,1013
1925,1002,248,1013
1926,1031,255,1032
1927,1035,999,1036
1928,1037,1000,1038
1929,1038,1000,1039
1930,1041,998,1042
1931,1042,998,1043
1932,1046,242,1047
1933,1047,242,1048
1934,1050,249,1051
1935,1031,1053,1054
1936,1052,1053,1055
1937,1032,1055,1031
1938,1053,1031,1055
1939,1034,1057,1033
1940,1033,1057,1032
1941,1055,1032,1057
1942,1058,1050,1051
1943,1055,1058,1052
1944,1051,1052,1058
1945,1048,1059,1047
1946,1047,1059,1046
1947,1058,1059,1050
1948,1049,1050,1059
1949,1060,1035,1036
1950,1037,1061,1036
1951,1036,1061,1060
1952,1056,1060,1061
1953,1056,1062,1059
1954,1059,1062,1046
1955,1038,1063,1037
1956,1061,1037,1063
1957,1063,1038,1039
1958,1039,1040,1063
1959,1064,1043,1044
1960,1043,1064,1042
1961,1041,1042,1064
1962,1063,1040,1064
1963,1041,1064,1040
1964,1065,1059,1058
1965,1057,1065,1055
1966,1058,1055,1065
1967,1065,1057,1060
1968,1060,1056,1065
1969,1059,1065,1056
1970,1062,1056,1066
1971,1061,1066,1056
1972,1066,1061,1063
1973,261,1033,1032
1974,1032,255,261
1975,261,262,1034
1976,1033,261,1034
1977,991,999,1035
1978,999,1000,1037
1979,1036,999,1037
1980,1000,997,1040
1981,1039,1000,1040
1982,997,998,1041
1983,1040,997,1041
1984,990,1044,1043
1985,1043,998,990
1986,1044,990,828
1987,1048,242,243
1988,249,1050,1049
1989,1049,244,249
1990,250,1052,1051
1991,1051,249,250
1992,259,1053,1052
1993,1052,250,259
1994,1053,259,1054
1995,255,1031,1054
1996,259,255,1054
1997,262,991,1035
1998,1057,1035,1060
1999,1034,262,1035
2000,1035,1057,1034
2001,1045,828,827
2002,1044,1045,1064
2003,1044,828,1045
2004,1049,1059,1048
2005,243,1049,1048
2006,1049,243,244
2007,1067,141,1068
2008,1069,154,1070
2009,1074,172,1075
2010,1076,1074,1075
2011,1070,1077,1069
2012,1068,1069,1077
2013,1068,1077,1067
2014,1070,1071,1077
2015,1078,1072,1073
2016,1076,1078,1074
2017,1073,1074,1078
2018,1078,1076,1077
2019,1077,1071,1078
2020,1072,1078,1071
2021,140,141,1067
2022,154,1069,1068
2023,1068,141,154
2024,1070,154,163
2025,1071,1070,163
2026,163,1072,1071
2027,163,173,1073
2028,1072,163,1073
2029,173,172,1074
2030,1073,173,1074
2031,1080,509,1081
2032,1081,509,1082
2033,1086,1076,1087
2034,1089,172,1090
2035,1095,489,1096
2036,1096,489,1097
2037,1079,1080,1098
2038,1096,1097,1099
2039,1097,1098,1099
2040,1082,1099,1081
2041,1081,1099,1080
2042,1098,1080,1099
2043,1084,1100,1083
2044,1099,1083,1100
2045,1094,1095,1100
2046,1095,1096,1100
2047,1099,1100,1096
2048,1101,1091,1092
2049,1086,1102,1085
2050,1100,1103,1094
2051,1090,1091,1104
2052,1101,1104,1091
2053,1090,1104,1089
2054,1088,1089,1104
2055,1088,1104,1087
2056,1102,1086,1104
2057,1087,1104,1086
2058,1104,1105,1102
2059,1103,1100,1105
2060,1102,1105,1100
2061,1103,1105,1101
2062,1105,1104,1101
2063,509,1080,1079
2064,1079,510,509
2065,1082,509,508
2066,1076,1086,1085
2067,1076,1075,1088
2068,1087,1076,1088
2069,1075,172,1089
2070,1088,1075,1089
2071,172,186,1091
2072,1090,172,1091
2073,186,185,1092
2074,1091,186,1092
2075,1093,185,184
2076,489,1095,1094
2077,1094,184,489
2078,499,1098,1097
2079,1097,489,499
2080,1083,1099,1082
2081,508,1083,1082
2082,1093,1101,1092
2083,1092,185,1093
2084,1101,1093,1103
2085,1103,1093,1094
2086,1094,1093,184
2087,1098,499,1079
2088,499,510,1079
2089,1107,498,1108
2090,1111,138,1112
2091,1112,138,1113
2092,1114,139,1115
2093,1115,139,1116
2094,1117,1067,1118
2095,1119,1077,1120
2096,1122,1100,1123
2097,1126,508,1127
2098,1107,1108,1110
2099,1108,1109,1110
2100,1107,1110,1111
2101,1129,1131,1128
2102,1128,1131,1127
2103,1126,1127,1131
2104,1120,1132,1119
2105,1118,1119,1132
2106,1133,1122,1123
2107,1123,1124,1133
2108,1125,1126,1133
2109,1131,1133,1126
2110,1131,1106,1134
2111,1135,1115,1116
2112,1132,1135,1118
2113,1117,1118,1135
2114,1133,1136,1122
2115,1132,1121,1136
2116,1114,1115,1137
2117,1135,1137,1115
2118,1114,1137,1113
2119,1113,1137,1112
2120,1112,1137,1111
2121,1107,1111,1137
2122,1133,1138,1136
2123,1135,1132,1138
2124,1136,1138,1132
2125,1138,1133,1131
2126,1135,1138,1137
2127,1131,1134,1138
2128,1137,1138,1134
2129,506,498,1107
2130,498,488,1109
2131,1108,498,1109
2132,137,1110,1109
2133,1109,488,137
2134,138,1111,1110
2135,1110,137,138
2136,139,1114,1113
2137,1113,138,139
2138,1116,139,140
2139,1067,1077,1119
2140,1118,1067,1119
2141,1121,1076,1085
2142,1084,1124,1123
2143,1123,1100,1084
2144,1084,1083,1125
2145,1083,508,1126
2146,1125,1083,1126
2147,508,521,1128
2148,1127,508,1128
2149,521,520,1129
2150,1128,521,1129
2151,507,1106,1130
2152,520,507,1130
2153,507,506,1107
2154,1134,1107,1137
2155,1106,507,1107
2156,1107,1134,1106
2157,1116,1117,1135
2158,140,1117,1116
2159,1117,140,1067
2160,1121,1132,1120
2161,1120,1077,1121
2162,1077,1076,1121
2163,1085,1136,1121
2164,1122,1102,1100
2165,1102,1122,1085
2166,1122,1136,1085
2167,1124,1125,1133
2168,1124,1084,1125
2169,1129,1130,1131
2170,1129,520,1130
2171,1106,1131,1130
2172,1140,612,1141
2173,1143,600,1144
2174,1146,465,1147
2175,1139,1140,1143
2176,1140,1141,1143
2177,1141,1142,1143
2178,1139,1143,1144
2179,612,1140,1139
2180,1139,613,612
2181,611,600,1143
2182,1142,611,1143
2183,600,473,1145
2184,1144,600,1145
2185,473,465,1146
2186,1145,473,1146
2187,465,164,1148
2188,1147,465,1148
2189,1139,1144,1145
2190,1141,612,1142
2191,612,611,1142
2192,1153,466,1154
2193,1150,1151,1152
2194,148,459,1151
2195,1150,148,1151
2196,467,1152,1151
2197,1151,459,467
2198,466,475,1155
2199,1154,466,1155
2200,1152,467,1153
2201,467,466,1153
2202,1158,1148,1159
2203,1160,164,1161
2204,1164,190,1165
2205,1164,1167,1163
2206,1167,1162,1163
2207,1168,1160,1161
2208,1161,1162,1168
2209,1167,1168,1162
2210,1167,1169,1168
2211,1165,1166,1169
2212,1165,1169,1164
2213,1167,1164,1169
2214,1160,1170,1159
2215,1170,1160,1168
2216,1168,1169,1170
2217,1148,164,1160
2218,1159,1148,1160
2219,175,1162,1161
2220,1161,164,175
2221,191,1163,1162
2222,1162,175,191
2223,191,190,1164
2224,1163,191,1164
2225,190,189,1166
2226,1165,190,1166
2227,1172,474,1173
2228,1173,474,1174
2229,1174,474,1175
2230,1175,474,1176
2231,1176,474,1177
2232,1182,1156,1183
2233,1183,1156,1184
2234,1182,1183,1184
2235,1180,1181,1186
2236,1175,1176,1189
2237,1185,1189,1177
2238,1176,1177,1189
2239,1175,1189,1174
2240,1174,1189,1173
2241,1186,1190,1180
2242,1185,1191,1189
2243,475,474,1172
2244,1171,475,1172
2245,1177,474,478
2246,586,601,1178
2247,614,1179,1178
2248,1178,601,614
2249,1157,1156,1182
2250,1181,1157,1182
2251,1178,478,586
2252,478,1178,1177
2253,1177,1178,1185
2254,1192,1188,1193
2255,1194,1187,1195
2256,1196,1185,1197
2257,1200,1139,1201
2258,1205,1147,1206
2259,1208,1158,1209
2260,1211,1170,1212
2261,1213,1169,1214
2262,1215,1166,1216
2263,1218,174,1219
2264,1222,1157,1223
2265,1226,1190,1227
2266,1200,1201,1202
2267,1193,1228,1192
2268,1206,1228,1205
2269,1229,1195,1196
2270,1198,1229,1197
2271,1196,1197,1229
2272,1204,1230,1203
2273,1199,1230,1229
2274,1226,1227,1231
2275,1228,1231,1227
2276,1208,1231,1207
2277,1228,1206,1231
2278,1207,1231,1206
2279,1220,1233,1219
2280,1216,1217,1233
2281,1217,1218,1233
2282,1219,1233,1218
2283,1194,1195,1234
2284,1229,1234,1195
2285,1228,1193,1234
2286,1194,1234,1193
2287,1234,1229,1230
2288,1212,1235,1211
2289,1211,1235,1210
2290,1231,1208,1235
2291,1209,1235,1208
2292,1236,1223,1224
2293,1224,1225,1236
2294,1231,1236,1226
2295,1233,1237,1216
2296,1215,1216,1237
2297,1215,1237,1214
2298,1232,1213,1237
2299,1214,1237,1213
2300,1221,1238,1220
2301,1233,1220,1238
2302,1233,1238,1237
2303,1232,1237,1238
2304,1238,1221,1222
2305,1235,1239,1231
2306,1232,1239,1213
2307,1235,1212,1239
2308,1240,1232,1238
2309,1236,1240,1223
2310,1238,1222,1240
2311,1223,1240,1222
2312,1232,1240,1239
2313,1239,1240,1231
2314,1236,1231,1240
2315,1187,1194,1193
2316,1193,1188,1187
2317,1178,1198,1197
2318,1197,1185,1178
2319,1198,1178,1179
2320,1199,613,1139
2321,1201,1139,1202
2322,1139,1145,1202
2323,1145,1146,1204
2324,1203,1145,1204
2325,1146,1147,1205
2326,1148,1207,1206
2327,1206,1147,1148
2328,1158,1208,1207
2329,1207,1148,1158
2330,1159,1170,1211
2331,1210,1159,1211
2332,1170,1169,1213
2333,1166,1215,1214
2334,1214,1169,1166
2335,1166,189,1217
2336,1216,1166,1217
2337,189,174,1218
2338,1217,189,1218
2339,1157,1222,1221
2340,1181,1224,1223
2341,1223,1157,1181
2342,1180,1225,1224
2343,1224,1181,1180
2344,1180,1190,1226
2345,1195,1191,1196
2346,1195,1187,1191
2347,1185,1196,1191
2348,1198,1179,1229
2349,1199,614,613
2350,1179,614,1199
2351,1199,1229,1179
2352,1202,1145,1203
2353,1203,1230,1202
2354,1204,1205,1230
2355,1204,1146,1205
2356,1228,1234,1205
2357,1230,1205,1234
2358,1210,1235,1209
2359,1209,1158,1210
2360,1210,1158,1159
2361,1213,1239,1212
2362,1212,1170,1213
2363,1225,1226,1236
2364,1225,1180,1226
2365,1192,1228,1227
2366,1227,1190,1192
2367,1190,1188,1192
2368,1241,163,1242
2369,1243,1156,1244
2370,1245,1157,1246
2371,1248,174,1249
2372,1242,1254,1241
2373,1252,1253,1254
2374,1241,1254,1253
2375,1251,1255,1250
2376,1255,1249,1250
2377,1244,1257,1243
2378,1258,1247,1248
2379,1255,1258,1249
2380,1248,1249,1258
2381,1259,1255,1251
2382,1254,1259,1252
2383,1251,1252,1259
2384,1256,1260,1242
2385,1260,1254,1242
2386,1258,1261,1247
2387,1246,1261,1245
2388,1257,1244,1261
2389,1245,1261,1244
2390,1259,1262,1255
2391,1262,1258,1255
2392,1258,1262,1261
2393,1262,1263,1261
2394,1260,1256,1263
2395,1263,1262,1259
2396,1260,1263,1254
2397,1259,1254,1263
2398,1157,1245,1244
2399,1244,1156,1157
2400,1246,1157,1221
2401,1220,1219,1247
2402,1219,174,1248
2403,1247,1219,1248
2404,174,188,1250
2405,1249,174,1250
2406,1250,188,1251
2407,1252,1251,188
2408,188,173,1252
2409,1252,173,1253
2410,1241,1253,173
2411,173,163,1241
2412,1199,1200,1230
2413,1139,1200,1199
2414,1202,1230,1200
2415,1221,1220,1247
2416,1246,1247,1261
2417,1221,1247,1246
2418,1266,1064,1267
2419,1267,1064,1268
2420,1273,814,1274
2421,1274,814,1275
2422,1276,195,1277
2423,1278,196,1279
2424,1279,196,1280
2425,1283,211,1284
2426,1285,217,1286
2427,1290,1062,1291
2428,1267,1268,1293
2429,1269,1293,1268
2430,1295,1265,1266
2431,1266,1267,1295
2432,1293,1295,1267
2433,1296,1273,1274
2434,1274,1275,1296
2435,1273,1296,1272
2436,1264,1265,1297
2437,1295,1297,1265
2438,1294,1298,1296
2439,1298,1294,1297
2440,1293,1298,1295
2441,1297,1295,1298
2442,1294,1299,1297
2443,1289,1290,1299
2444,1290,1291,1299
2445,1291,1292,1299
2446,1297,1299,1292
2447,1281,1300,1280
2448,1279,1280,1300
2449,1281,1282,1300
2450,1301,1296,1298
2451,1298,1293,1301
2452,1293,1270,1301
2453,1296,1301,1272
2454,1302,1286,1287
2455,1287,1288,1302
2456,1303,1277,1278
2457,1278,1279,1303
2458,1300,1303,1279
2459,1296,1276,1303
2460,1277,1303,1276
2461,1296,1303,1294
2462,1300,1294,1303
2463,1300,1304,1294
2464,1304,1299,1294
2465,1299,1304,1302
2466,1305,1302,1304
2467,1304,1300,1305
2468,1282,1305,1300
2469,1284,1285,1305
2470,1285,1286,1305
2471,1302,1305,1286
2472,1284,1305,1283
2473,1282,1283,1305
2474,1063,1265,1264
2475,1264,1066,1063
2476,1063,1064,1266
2477,1265,1063,1266
2478,1045,1269,1268
2479,1268,1064,1045
2480,1271,826,825
2481,814,1273,1272
2482,1272,824,814
2483,1275,814,803
2484,195,196,1278
2485,1277,195,1278
2486,197,1281,1280
2487,1280,196,197
2488,197,205,1282
2489,1281,197,1282
2490,205,211,1283
2491,1282,205,1283
2492,211,217,1285
2493,1284,211,1285
2494,243,1287,1286
2495,1286,217,243
2496,242,1288,1287
2497,1287,243,242
2498,1062,1290,1289
2499,1289,1046,1062
2500,1066,1292,1291
2501,1291,1062,1066
2502,1270,827,826
2503,1045,827,1270
2504,1269,1270,1293
2505,1269,1045,1270
2506,1270,826,1271
2507,1301,1270,1271
2508,1271,1272,1301
2509,825,1272,1271
2510,1272,825,824
2511,1275,803,1296
2512,803,1276,1296
2513,195,1276,803
2514,1288,1289,1302
2515,1288,242,1289
2516,1289,242,1046
2517,1299,1302,1289
2518,1264,1297,1292
2519,1292,1066,1264
2520,1306,688,1307
2521,1308,698,1309
2522,1314,1029,1315
2523,1315,1029,1316
2524,1317,1030,1318
2525,1321,210,1322
2526,1323,193,1324
2527,1307,1327,1306
2528,1327,1307,1328
2529,1327,1328,1326
2530,1325,1326,1328
2531,1309,1310,1330
2532,1310,1311,1330
2533,1309,1330,1308
2534,1308,1330,1307
2535,1328,1307,1330
2536,1331,1315,1316
2537,1316,1317,1331
2538,1317,1318,1331
2539,1315,1331,1314
2540,1314,1331,1313
2541,1325,1332,1324
2542,1329,1323,1332
2543,1324,1332,1323
2544,1332,1325,1328
2545,1319,1333,1318
2546,1329,1331,1333
2547,1318,1333,1331
2548,1334,1328,1330
2549,1331,1334,1313
2550,1334,1331,1329
2551,1329,1332,1334
2552,1328,1334,1332
2553,688,698,1308
2554,1307,688,1308
2555,697,1310,1309
2556,1309,698,697
2557,716,1311,1310
2558,1310,697,716
2559,716,715,1312
2560,1311,716,1312
2561,1312,715,1005
2562,1029,1314,1313
2563,1313,1005,1029
2564,1030,1317,1316
2565,1316,1029,1030
2566,1027,1319,1318
2567,1318,1030,1027
2568,193,1323,1322
2569,1322,210,193
2570,1324,193,1325
2571,1326,1325,193
2572,1306,1327,681
2573,688,1306,681
2574,1326,681,1327
2575,681,1326,193
2576,1005,1313,1312
2577,1313,1330,1311
2578,1311,1312,1313
2579,1330,1313,1334
2580,1320,1027,1028
2581,1333,1319,1320
2582,1319,1027,1320
2583,1336,709,1337
2584,1340,696,1341
2585,1343,216,1344
2586,1345,241,1346
2587,1347,257,1348
2588,1348,257,1349
2589,1349,257,1350
2590,1353,251,1354
2591,1354,251,1355
2592,1356,1003,1357
2593,1358,1004,1359
2594,1359,1004,1360
2595,1362,1020,1363
2596,1365,1024,1366
2597,1366,1024,1367
2598,1372,711,1373
2599,1339,1340,1341
2600,1339,1341,1342
2601,1369,1370,1371
2602,1342,1375,1339
2603,1339,1375,1338
2604,1337,1338,1375
2605,1347,1376,1346
2606,1343,1344,1376
2607,1344,1345,1376
2608,1346,1376,1345
2609,1355,1377,1354
2610,1353,1354,1377
2611,1379,1335,1336
2612,1336,1337,1379
2613,1375,1379,1337
2614,1352,1353,1380
2615,1377,1380,1353
2616,1359,1381,1358
2617,1358,1381,1357
2618,1357,1381,1356
2619,1364,1365,1382
2620,1365,1366,1382
2621,1384,1368,1369
2622,1384,1378,1382
2623,1368,1384,1367
2624,1382,1366,1384
2625,1367,1384,1366
2626,1385,1378,1384
2627,1371,1372,1385
2628,1373,1385,1372
2629,1384,1369,1385
2630,1371,1385,1369
2631,1386,1375,1342
2632,1386,1378,1385
2633,1375,1386,1379
2634,1387,1350,1351
2635,1380,1387,1352
2636,1351,1352,1387
2637,1381,1359,1388
2638,1360,1388,1359
2639,1388,1360,1361
2640,1361,1362,1388
2641,1362,1363,1388
2642,1382,1388,1364
2643,1363,1364,1388
2644,1389,1377,1381
2645,1382,1389,1388
2646,1381,1388,1389
2647,1347,1390,1376
2648,1390,1347,1348
2649,1348,1349,1390
2650,1349,1350,1390
2651,1350,1387,1390
2652,1391,1343,1376
2653,1383,1391,1390
2654,1376,1390,1391
2655,1343,1391,1342
2656,1342,1391,1386
2657,1392,1377,1389
2658,1377,1392,1380
2659,1380,1392,1387
2660,1387,1392,1390
2661,1383,1390,1392
2662,1393,1378,1386
2663,1386,1391,1393
2664,1383,1393,1391
2665,1393,1383,1392
2666,1394,1335,1379
2667,1385,1394,1386
2668,1379,1386,1394
2669,1385,1373,1394
2670,1395,1378,1393
2671,1393,1392,1395
2672,1389,1395,1392
2673,1378,1395,1382
2674,1395,1389,1382
2675,710,709,1336
2676,1335,710,1336
2677,708,1338,1337
2678,1337,709,708
2679,1338,708,696
2680,1339,1338,696
2681,696,1340,1339
2682,696,687,1342
2683,1341,696,1342
2684,687,216,1343
2685,1342,687,1343
2686,216,241,1345
2687,1344,216,1345
2688,241,257,1347
2689,1346,241,1347
2690,994,1351,1350
2691,1350,257,994
2692,993,1352,1351
2693,1351,994,993
2694,993,251,1353
2695,1352,993,1353
2696,1355,251,1001
2697,1001,1003,1356
2698,1003,1004,1358
2699,1357,1003,1358
2700,1010,1361,1360
2701,1360,1004,1010
2702,1010,1020,1362
2703,1361,1010,1362
2704,1017,1364,1363
2705,1363,1020,1017
2706,1017,1024,1365
2707,1364,1017,1365
2708,1018,1368,1367
2709,1367,1024,1018
2710,1025,1369,1368
2711,1368,1018,1025
2712,1009,1371,1370
2713,1370,1025,1009
2714,1009,711,1372
2715,1371,1009,1372
2716,710,1335,1374
2717,1356,1377,1355
2718,1001,1356,1355
2719,1377,1356,1381
2720,1369,1025,1370
2721,1374,1394,1373
2722,1373,711,1374
2723,711,710,1374
2724,1374,1335,1394
2725,1399,156,1400
2726,1402,1149,1403
2727,1405,1150,1406
2728,1409,1154,1410
2729,1412,1155,1413
2730,1415,1171,1416
2731,1419,1189,1420
2732,1421,1191,1422
2733,1423,1187,1424
2734,1425,1188,1426
2735,1428,1186,1429
2736,1431,1184,1432
2737,1432,1184,1433
2738,1436,1257,1437
2739,1437,1257,1438
2740,1440,1256,1441
2741,1396,1444,1445
2742,1408,1449,1407
2743,1407,1449,1406
2744,1405,1406,1449
2745,1441,1450,1440
2746,1447,1451,1446
2747,1452,1447,1446
2748,1446,1444,1452
2749,1447,1452,1453
2750,1452,1397,1453
2751,1443,1460,1454
2752,1451,1447,1460
2753,1442,1443,1461
2754,1454,1461,1443
2755,1462,1427,1428
2756,1428,1429,1462
2757,1463,1455,1462
2758,1462,1429,1463
2759,1430,1463,1429
2760,1436,1464,1435
2761,1455,1463,1464
2762,1435,1464,1434
2763,1434,1464,1433
2764,1433,1464,1432
2765,1432,1464,1431
2766,1464,1436,1437
2767,1461,1454,1466
2768,1453,1398,1467
2769,1456,1468,1467
2770,1447,1453,1468
2771,1467,1468,1453
2772,1469,1448,1465
2773,1408,1470,1449
2774,1471,1402,1403
2775,1457,1471,1470
2776,1457,1472,1471
2777,1473,1448,1469
2778,1416,1417,1474
2779,1417,1418,1474
2780,1419,1474,1418
2781,1416,1474,1415
2782,1415,1474,1414
2783,1474,1419,1420
2784,1410,1475,1409
2785,1470,1409,1475
2786,1458,1475,1474
2787,1412,1475,1411
2788,1412,1413,1475
2789,1413,1414,1475
2790,1474,1475,1414
2791,1476,1457,1470
2792,1470,1475,1476
2793,1458,1476,1475
2794,1457,1476,1473
2795,1458,1477,1476
2796,1476,1477,1473
2797,1448,1473,1477
2798,1421,1478,1420
2799,1474,1420,1478
2800,1478,1421,1422
2801,1422,1423,1478
2802,1423,1424,1478
2803,1459,1479,1478
2804,1478,1479,1474
2805,1458,1474,1479
2806,1458,1479,1477
2807,1462,1480,1427
2808,1426,1427,1480
2809,1426,1480,1425
2810,1459,1478,1480
2811,1425,1480,1424
2812,1478,1424,1480
2813,1481,1448,1477
2814,1477,1479,1481
2815,1459,1481,1479
2816,1448,1481,1465
2817,1462,1482,1480
2818,1482,1459,1480
2819,1465,1481,1482
2820,1459,1482,1481
2821,1462,1455,1482
2822,1465,1482,1455
2823,1438,1483,1437
2824,1464,1437,1483
2825,1466,1484,1483
2826,1455,1464,1484
2827,1483,1484,1464
2828,1485,1466,1483
2829,1483,1439,1485
2830,1439,1440,1485
2831,1450,1485,1440
2832,1466,1485,1461
2833,1466,1486,1484
2834,1456,1486,1468
2835,1487,1400,1472
2836,1400,1487,1399
2837,1487,1467,1399
2838,1488,1468,1486
2839,1486,1466,1488
2840,1454,1488,1466
2841,1468,1488,1447
2842,1454,1460,1488
2843,1447,1488,1460
2844,1470,1471,1489
2845,1471,1403,1489
2846,1470,1489,1449
2847,1449,1489,1405
2848,1404,1405,1489
2849,1456,1490,1469
2850,1472,1490,1487
2851,1456,1467,1490
2852,1487,1490,1467
2853,1465,1491,1469
2854,1484,1491,1455
2855,1491,1465,1455
2856,1469,1492,1456
2857,1492,1486,1456
2858,1492,1469,1491
2859,1486,1492,1484
2860,1491,1484,1492
2861,1457,1493,1472
2862,1493,1490,1472
2863,1493,1457,1473
2864,1473,1469,1493
2865,1490,1493,1469
2866,1397,155,156
2867,1400,156,146
2868,147,148,1404
2869,1150,1405,1404
2870,1404,148,1150
2871,1152,1407,1406
2872,1406,1150,1152
2873,1152,1153,1408
2874,1407,1152,1408
2875,1153,1154,1409
2876,1155,475,1414
2877,1413,1155,1414
2878,1171,1415,1414
2879,1414,475,1171
2880,1171,1172,1417
2881,1416,1171,1417
2882,1172,1173,1418
2883,1417,1172,1418
2884,1173,1189,1419
2885,1418,1173,1419
2886,1191,1421,1420
2887,1420,1189,1191
2888,1191,1187,1423
2889,1422,1191,1423
2890,1187,1188,1425
2891,1424,1187,1425
2892,1190,1427,1426
2893,1426,1188,1190
2894,1190,1186,1428
2895,1427,1190,1428
2896,1181,1430,1429
2897,1429,1186,1181
2898,1182,1184,1431
2899,1156,1434,1433
2900,1433,1184,1156
2901,1243,1435,1434
2902,1434,1156,1243
2903,1257,1436,1435
2904,1435,1243,1257
2905,1438,1257,1261
2906,1256,1440,1439
2907,1439,1263,1256
2908,1242,163,1443
2909,1442,1242,1443
2910,1444,163,154
2911,154,155,1396
2912,1445,1444,154
2913,1396,1445,154
2914,1396,1397,1444
2915,1396,155,1397
2916,1397,1452,1444
2917,156,1398,1397
2918,1398,1453,1397
2919,1399,1467,1398
2920,1398,156,1399
2921,1400,1401,1472
2922,146,1401,1400
2923,1404,1489,1403
2924,1403,1149,1404
2925,1149,147,1404
2926,1408,1409,1470
2927,1408,1153,1409
2928,1475,1410,1411
2929,1410,1154,1411
2930,1154,1155,1411
2931,1411,1155,1412
2932,1463,1430,1431
2933,1430,1181,1431
2934,1181,1182,1431
2935,1463,1431,1464
2936,1483,1438,1439
2937,1261,1439,1438
2938,1439,1261,1263
2939,1442,1450,1441
2940,1441,1256,1442
2941,1256,1242,1442
2942,1450,1442,1485
2943,1461,1485,1442
2944,1460,1443,1451
2945,1443,163,1451
2946,1451,1444,1446
2947,163,1444,1451
2948,1495,226,1496
2949,1498,922,1499
2950,1500,921,1501
2951,1503,919,1504
2952,1505,203,1506
2953,1506,203,1507
2954,1512,191,1513
2955,1517,210,1518
2956,1519,1321,1520
2957,1525,1320,1526
2958,1526,1320,1527
2959,1529,1019,1530
2960,1532,1022,1533
2961,1536,253,1537
2962,1537,253,1538
2963,1539,258,1540
2964,1543,240,1544
2965,1540,1541,1547
2966,1541,1542,1547
2967,1542,1543,1547
2968,1543,1544,1547
2969,1538,1539,1550
2970,1547,1550,1540
2971,1539,1540,1550
2972,1494,1551,1546
2973,1546,1551,1545
2974,1510,1552,1509
2975,1507,1554,1506
2976,1506,1554,1505
2977,1504,1505,1554
2978,1504,1554,1503
2979,1503,1554,1502
2980,1502,1554,1501
2981,1548,1555,1554
2982,1498,1499,1555
2983,1499,1500,1555
2984,1554,1555,1501
2985,1500,1501,1555
2986,1498,1555,1497
2987,1556,1548,1554
2988,1508,1556,1507
2989,1554,1507,1556
2990,1556,1508,1509
2991,1525,1526,1557
2992,1527,1557,1526
2993,1525,1557,1524
2994,1559,1521,1522
2995,1549,1559,1557
2996,1522,1523,1559
2997,1557,1559,1524
2998,1523,1524,1559
2999,1521,1559,1520
3000,1520,1559,1519
3001,1519,1559,1518
3002,1518,1559,1517
3003,1549,1560,1559
3004,1559,1560,1517
3005,1537,1561,1536
3006,1537,1538,1561
3007,1550,1561,1538
3008,1562,1548,1556
3009,1556,1509,1562
3010,1552,1562,1509
3011,1512,1563,1511
3012,1552,1510,1563
3013,1511,1563,1510
3014,1565,1550,1547
3015,1547,1551,1565
3016,1496,1566,1495
3017,1555,1566,1497
3018,1553,1567,1566
3019,1566,1567,1495
3020,1551,1494,1567
3021,1551,1567,1565
3022,1548,1568,1555
3023,1555,1568,1566
3024,1553,1566,1568
3025,1533,1569,1532
3026,1532,1569,1531
3027,1531,1569,1530
3028,1530,1569,1529
3029,1529,1569,1528
3030,1557,1527,1569
3031,1528,1569,1527
3032,1515,1570,1514
3033,1549,1571,1560
3034,1560,1571,1570
3035,1558,1570,1571
3036,1572,1513,1514
3037,1558,1572,1570
3038,1514,1570,1572
3039,1574,1564,1573
3040,1562,1577,1548
3041,1577,1568,1548
3042,1512,1513,1578
3043,1572,1578,1513
3044,1512,1578,1563
3045,1563,1578,1552
3046,1579,1562,1552
3047,1573,1579,1578
3048,1552,1578,1579
3049,1557,1580,1549
3050,1549,1580,1571
3051,1574,1571,1580
3052,1581,1572,1558
3053,1574,1581,1571
3054,1558,1571,1581
3055,1572,1581,1578
3056,1578,1581,1573
3057,1574,1573,1581
3058,1550,1582,1561
3059,1583,1535,1561
3060,1575,1583,1582
3061,1561,1582,1583
3062,1575,1584,1583
3063,1569,1533,1584
3064,1583,1584,1534
3065,1533,1534,1584
3066,1586,1573,1564
3067,1573,1586,1579
3068,1587,1568,1577
3069,1568,1587,1553
3070,1576,1588,1587
3071,1553,1587,1588
3072,1553,1588,1567
3073,1565,1567,1588
3074,1564,1589,1585
3075,1580,1589,1574
3076,1589,1564,1574
3077,1590,1565,1588
3078,1565,1590,1550
3079,1590,1582,1550
3080,1557,1591,1580
3081,1584,1591,1569
3082,1591,1557,1569
3083,1582,1592,1575
3084,1592,1585,1575
3085,1585,1593,1564
3086,1564,1593,1586
3087,1576,1586,1593
3088,1593,1585,1592
3089,1585,1594,1575
3090,1594,1584,1575
3091,1577,1595,1587
3092,1586,1576,1595
3093,1587,1595,1576
3094,1586,1595,1579
3095,1579,1595,1562
3096,1577,1562,1595
3097,1596,1593,1592
3098,1592,1582,1596
3099,1590,1596,1582
3100,1596,1590,1588
3101,1593,1596,1576
3102,1588,1576,1596
3103,1580,1597,1589
3104,1594,1585,1597
3105,1589,1597,1585
3106,1597,1580,1591
3107,1591,1584,1597
3108,1594,1597,1584
3109,1496,226,924
3110,922,1498,1497
3111,1497,923,922
3112,922,921,1500
3113,1499,922,1500
3114,920,1502,1501
3115,1501,921,920
3116,919,1503,1502
3117,1502,920,919
3118,1504,919,918
3119,189,1508,1507
3120,1507,203,189
3121,189,190,1509
3122,1508,189,1509
3123,190,1511,1510
3124,1509,190,1510
3125,191,1512,1511
3126,1511,190,191
3127,1513,191,1514
3128,1515,1514,191
3129,191,192,1515
3130,1321,1519,1518
3131,1518,210,1321
3132,1321,1322,1521
3133,1520,1321,1521
3134,1322,1323,1522
3135,1521,1322,1522
3136,1329,1523,1522
3137,1522,1323,1329
3138,1333,1524,1523
3139,1523,1329,1333
3140,1333,1320,1525
3141,1524,1333,1525
3142,1028,1528,1527
3143,1527,1320,1028
3144,1019,1529,1528
3145,1528,1028,1019
3146,1019,1016,1531
3147,1530,1019,1531
3148,1016,1022,1532
3149,1531,1016,1532
3150,1022,1021,1534
3151,1533,1022,1534
3152,1021,1015,1535
3153,258,1539,1538
3154,1538,253,258
3155,263,1541,1540
3156,1540,258,263
3157,256,1542,1541
3158,1541,263,256
3159,240,1543,1542
3160,1542,256,240
3161,1494,1546,1545
3162,1545,229,1494
3163,1401,147,1149
3164,146,147,1401
3165,1401,1149,1402
3166,1402,1471,1401
3167,1471,1472,1401
3168,1495,1567,1494
3169,1494,229,1495
3170,1495,229,226
3171,1497,1566,1496
3172,924,1497,1496
3173,1497,924,923
3174,1505,1504,918
3175,918,203,1505
3176,1515,1516,1570
3177,1515,192,1516
3178,192,204,1516
3179,1560,1570,1516
3180,1516,1517,1560
3181,1516,204,1517
3182,204,210,1517
3183,1534,1021,1535
3184,1535,1583,1534
3185,1015,253,1536
3186,1561,1535,1536
3187,1535,1015,1536
3188,1545,1547,1544
3189,1544,240,1545
3190,240,229,1545
3191,1547,1545,1551
