0,-4.757380,8.499910,8.285920
1,-4.558160,11.478800,7.749090
2,-4.372770,13.992500,6.282800
3,-5.708260,13.656300,6.264880
4,-4.229430,15.658400,4.110270
5,-4.146480,15.599900,-0.973337
6,-5.891380,15.160600,-0.996753
7,-4.219500,13.884400,-3.110480
8,-5.554990,13.548200,-3.128410
9,-4.357900,11.337500,-4.523820
10,-4.540620,8.347040,-4.998190
11,-6.354340,10.256000,7.733860
12,-7.691670,11.733000,6.254650
13,-8.565790,12.706200,4.073490
14,-8.843610,13.027400,1.522440
15,-8.482830,12.647700,-1.010120
16,-7.538400,11.624900,-3.138640
17,-6.154080,10.114700,-4.539060
18,-8.975520,6.430010,6.294720
19,-8.778530,5.018070,6.314190
20,-10.243200,5.777520,4.125850
21,-9.985840,3.932740,4.151280
22,-10.659200,5.527860,1.579120
23,-10.380700,3.531070,1.606640
24,-10.160300,5.719020,-0.957758
25,-9.902890,3.874240,-0.932328
26,-8.822250,6.321920,-3.098560
27,-8.625260,4.909980,-3.079100
28,-6.383150,6.067530,7.781590
29,-7.744910,3.993820,6.342840
30,-8.635350,2.594480,4.188720
31,-8.918900,2.082560,1.647160
32,-8.552400,2.535980,-0.894892
33,-7.591640,3.885720,-3.050440
34,-6.182890,5.926290,-4.491330
35,-4.940110,5.509400,7.811560
36,-5.078510,2.962540,6.398220
37,-5.151530,1.247050,4.261070
38,-5.148040,0.624109,1.725480
39,-5.068580,1.188550,-0.822540
40,-4.925240,2.854440,-2.995070
41,-4.739850,5.368170,-4.461360
42,-7.070600,8.921770,7.737520
43,-9.015150,9.267770,6.261420
44,-10.295000,9.485230,4.082340
45,-10.715300,9.541050,1.532020
46,-10.212000,9.426730,-1.001270
47,-8.861880,9.159670,-3.131860
48,-6.870340,8.780530,-4.535390
49,3.066890,7.448180,8.178100
50,4.412560,5.151630,7.739530
51,5.528820,6.078910,7.747080
52,5.569250,3.193500,6.394220
53,7.631820,4.906900,6.408160
54,6.360860,1.871910,4.346980
55,9.055740,4.110570,4.365190
56,6.666880,1.388050,1.909470
57,9.583800,3.811160,1.929180
58,6.440720,1.815590,-0.547205
59,9.135600,4.054250,-0.528994
60,5.716810,3.089440,-2.649050
61,7.779380,4.802830,-2.635110
62,4.605360,5.015660,-4.076070
63,5.721610,5.942940,-4.068520
64,3.275570,7.301010,-4.611020
65,5.507370,7.614700,7.729050
66,7.592190,7.744660,6.374860
67,9.003960,7.818280,4.321670
68,9.527750,7.824350,1.882090
69,9.083820,7.761960,-0.572506
70,7.739750,7.640590,-2.668410
71,5.700170,7.478730,-4.086550
72,4.244810,2.573760,6.379740
73,4.630400,1.062180,4.328060
74,4.793850,0.511608,1.889000
75,4.710260,1.005860,-0.566123
76,4.392370,2.469700,-2.663530
77,1.563090,2.216910,-2.706780
78,2.357380,4.543450,-4.107310
79,5.362400,8.377330,7.717910
80,7.324330,9.153820,6.354270
81,8.653990,9.659440,4.294780
82,9.148940,9.817210,1.852970
83,8.733850,9.603120,-0.599405
84,7.471890,9.049750,-2.689000
85,5.555200,8.241360,-4.097690
86,5.027160,9.094090,7.704190
87,6.704880,10.478200,6.328920
88,7.844640,11.389900,4.261660
89,8.272910,11.690200,1.817120
90,7.924500,11.333500,-0.632524
91,6.852440,10.374200,-2.714350
92,5.219960,8.958120,-4.111410
93,3.985090,10.205700,7.674390
94,4.779380,12.532300,6.273860
95,5.328850,14.073600,4.189720
96,5.408700,14.017300,-0.704459
97,4.926940,12.428200,-2.769400
98,4.177880,10.069800,-4.141200
99,1.438570,11.290400,7.997240
100,1.222970,8.234180,8.546890
101,1.638260,13.869400,6.495670
102,1.791610,15.578500,4.270790
103,1.876560,15.518600,-0.935478
104,1.795230,13.758700,-3.124260
105,1.643670,11.145700,-4.571810
106,1.444960,8.077620,-5.057750
107,1.229350,5.021430,-4.508100
108,0.109369,11.517300,8.088610
109,0.260966,8.398790,8.654500
110,-0.044623,16.483999,1.626240
111,0.318235,11.370000,-4.711690
112,0.487040,8.239350,-5.200450
113,0.717506,0.806139,4.471180
114,0.749946,2.489200,-3.100160
115,-1.130350,11.500600,8.135360
116,-1.746680,8.371220,8.694350
117,-3.796530,8.238630,8.489280
118,-0.590454,14.141200,6.595820
119,-0.209199,15.891200,4.310120
120,-0.121782,15.829500,-1.047240
121,-0.428928,14.027300,-3.303290
122,-0.919302,11.351700,-4.798460
123,-1.518250,8.210120,-5.305110
124,-3.573750,8.081510,-5.164030
125,-3.143150,0.751817,4.436470
126,-2.674480,2.440130,-3.206590
127,-3.404340,5.002010,-4.605970
128,-2.134580,5.080790,-4.746120
129,3.106070,0.360810,1.863190
130,2.010250,0.665233,3.461590
131,0.728609,0.709777,4.080520
132,-1.279110,0.713773,4.193020
133,-2.452700,0.646962,3.978840
134,-3.164260,0.572725,3.704930
135,-4.459520,0.631882,2.513770
136,-4.855090,0.544053,1.731180
137,-4.941680,0.630623,1.464480
138,-4.995020,1.037200,-0.246242
139,-4.735280,1.106030,-0.838825
140,-3.677310,1.854110,-2.132050
141,-2.775920,1.974510,-2.598430
142,-2.007700,2.115220,-2.751200
143,-0.284175,2.161680,-2.725920
144,0.760976,2.133450,-2.637290
145,1.396340,1.893600,-2.294710
146,2.513440,1.253550,-1.249820
147,2.900470,0.885059,-0.688787
148,3.193500,0.488349,1.324960
149,3.839350,-0.805325,4.582960
150,2.000290,-0.824144,5.458090
151,-0.869574,-0.948624,5.603220
152,-3.550140,-1.273100,4.890500
153,-5.395270,-1.274050,3.176500
154,-1.946580,0.998399,-4.337090
155,2.007330,1.204300,-4.152430
156,2.928030,0.903234,-3.657080
157,9.825950,-8.191130,2.726380
158,7.648180,-6.932350,6.489130
159,4.845260,-6.132810,8.005000
160,0.361171,-5.010590,8.402900
161,-3.968920,-4.269320,7.406810
162,-6.913880,-3.393550,4.749320
163,-0.949578,-1.329750,-7.556660
164,10.056900,-7.943430,1.479520
165,10.207100,-10.357100,2.798780
166,7.615950,-9.216490,6.923620
167,4.421780,-8.656190,8.557870
168,-0.641765,-7.935690,8.932270
169,-5.472790,-7.618680,7.769270
170,-8.773200,-6.997820,4.788690
171,-9.836520,-7.071280,2.810030
172,-4.263440,-4.150530,-8.314290
173,-2.280200,-4.065860,-8.736710
174,6.256290,-5.836780,-7.722080
175,10.450200,-10.060300,1.423110
176,10.184100,-12.452100,2.591440
177,7.407390,-11.550500,6.739440
178,-1.075170,-11.069000,8.674380
179,-5.966910,-11.227000,7.437100
180,-9.322230,-10.930200,4.374550
181,-10.364000,-11.112000,2.356130
182,-10.581800,-10.878300,1.667860
183,-10.697900,-9.817790,-2.753880
184,-10.027200,-9.666730,-4.289380
185,-7.229750,-7.845990,-7.645710
186,-4.894190,-7.631860,-8.863300
187,-2.896320,-7.351560,-9.268230
188,4.259540,-7.606050,-9.010400
189,5.879310,-8.295670,-8.133530
190,8.709240,-10.073400,-5.447960
191,9.676350,-11.068900,-4.003220
192,10.416700,-12.130700,1.198870
193,10.089500,-14.494100,2.324020
194,-1.113240,-13.114800,8.377140
195,-9.319460,-12.974400,4.098940
196,-10.356200,-13.155000,2.090570
197,-10.572800,-12.922400,1.405730
198,-10.688200,-11.867100,-2.994040
199,-10.020900,-11.717000,-4.521940
200,-7.236910,-9.906010,-7.861700
201,-4.912940,-9.693580,-9.073320
202,-2.924920,-9.415230,-9.476300
203,4.195350,-9.670420,-9.220000
204,10.321000,-14.174400,0.938357
205,-10.624700,-13.903900,-3.194650
206,-9.973910,-13.724600,-4.678380
207,-7.339940,-11.822000,-7.915130
208,-5.083620,-11.495800,-9.080550
209,-3.162530,-11.122100,-9.460790
210,9.898200,-15.051500,0.769409
211,-10.090400,-14.744500,-3.204050
212,-9.471100,-14.576000,-4.616380
213,-6.959220,-12.774100,-7.697760
214,-4.811250,-12.471200,-8.807810
215,-2.981840,-12.122100,-9.170460
216,-1.278050,-16.184401,6.713260
217,-9.547590,-15.574700,-3.187750
218,-8.969030,-15.414200,-4.506750
219,-6.629960,-13.718100,-7.383930
220,-4.624280,-13.424000,-8.419590
221,-2.916890,-13.088400,-8.757240
222,-8.068730,-16.982100,-3.178740
223,-7.548610,-16.806499,-4.363020
224,-5.521780,-15.152700,-6.940870
225,-3.728280,-14.776200,-7.860410
226,-2.210080,-14.378600,-8.153370
227,-4.821570,-15.669100,-6.572300
228,-3.168410,-15.310600,-7.419450
229,-1.769860,-14.934200,-7.688650
230,-3.332840,-15.871400,-6.560900
231,-2.146170,-15.592000,-6.792050
232,-7.066310,-17.058599,-4.248130
233,-5.827050,-16.709200,-5.122760
234,-4.755250,-16.184999,-6.002100
235,-3.867750,-16.245501,-6.072210
236,-3.324660,-15.957300,-6.449840
237,-3.094090,-15.962100,-6.442360
238,-2.149770,-15.751900,-6.651380
239,-1.646710,-15.868000,-6.563790
240,-0.105109,-15.951800,-6.422400
241,-2.274300,-17.707600,4.654220
242,-7.816080,-17.606199,-1.267960
243,-8.375230,-16.856300,-2.610720
244,-8.069440,-17.000799,-3.010840
245,-8.056990,-16.990999,-3.163280
246,-8.053260,-16.989799,-3.178890
247,-7.357100,-17.075899,-3.953330
248,2.417520,-18.530100,-1.491860
249,-6.967290,-17.216400,-3.804030
250,-4.666430,-17.230200,-4.725480
251,-1.066550,-18.882601,-0.007412
252,-3.131640,-16.658001,-5.681620
253,1.963890,-18.007401,-3.314570
254,0.221782,-18.555799,-2.037760
255,-2.817020,-18.606199,-2.326750
256,-0.481172,-16.336100,-6.112210
257,-1.557860,-18.200001,3.585680
258,0.272667,-17.823400,-4.019580
259,-3.087190,-17.996201,-3.913070
260,-1.555110,-18.684900,-1.777040
261,-2.403180,-18.840700,-1.077660
262,-2.801000,-18.985399,-0.110608
263,-1.380950,-17.139400,-5.176100
264,-1.447240,-18.303101,-3.201540
265,2.638970,6.135100,7.955290
266,2.241500,6.526030,8.130760
267,1.165740,7.350570,8.406940
268,0.478433,7.477770,8.485400
269,-1.006410,7.514940,8.525130
270,-1.948480,7.312740,8.523640
271,-3.108220,6.811150,8.346210
272,-3.670030,6.140210,8.162630
273,-3.895170,5.224790,7.965940
274,-3.903600,4.710600,7.686340
275,-3.630530,3.162020,6.855970
276,-3.391400,2.655220,6.619630
277,-3.171610,2.364610,6.340110
278,-2.914970,2.090720,6.112520
279,-1.475010,1.491860,5.349540
280,-0.648239,1.477930,5.324920
281,0.666655,1.522820,5.359380
282,1.082810,1.598930,5.447380
283,2.248380,1.994870,5.816180
284,2.763410,2.441410,6.357090
285,3.224140,3.606910,7.031590
286,3.148590,4.886120,7.721960
287,3.012940,5.696330,7.868770
288,2.205200,6.286780,8.452240
289,1.137160,7.119920,8.699550
290,-1.024690,7.296390,8.805260
291,-1.963350,7.099260,8.806570
292,-3.119460,6.600070,8.640800
293,-3.681120,5.929590,8.475790
294,-3.908680,5.014010,8.305950
295,-3.650940,2.928110,7.262330
296,-3.414430,2.415920,7.042680
297,-2.941090,1.837420,6.556070
298,-1.507980,1.213090,5.819010
299,0.623994,1.234840,5.834920
300,2.199150,1.710920,6.280900
301,2.712110,2.168710,6.807830
302,3.173810,3.345990,7.446600
303,3.102130,4.639220,8.096110
304,2.970240,5.450250,8.218190
305,0.937956,5.770720,9.804310
306,0.296637,6.350980,9.689170
307,-1.062910,6.552650,9.622800
308,-1.664900,6.470940,9.639760
309,-2.414740,6.178720,9.631160
310,-2.796990,5.768250,9.690040
311,-2.979400,5.204260,9.822670
312,-2.891330,3.720710,9.775640
313,-2.761040,3.360260,9.791700
314,-2.478780,2.883520,9.680150
315,-1.587300,2.282440,9.472330
316,-0.239985,2.227830,9.555890
317,0.767781,2.566410,9.747710
318,1.102130,2.951290,9.951040
319,1.434930,3.781380,10.029100
320,1.435940,4.698860,10.062900
321,1.387460,5.202140,9.916590
322,0.220628,5.431510,10.483100
323,-0.211049,5.815400,10.449100
324,-1.115040,5.938950,10.427600
325,-1.513340,5.877780,10.437500
326,-2.007880,5.677830,10.417800
327,-2.257020,5.399190,10.432500
328,-2.371610,5.016500,10.484600
329,-2.299480,4.041320,10.356600
330,-2.018680,3.499190,10.236300
331,-1.423390,3.125070,10.054100
332,-0.528769,3.097350,10.096700
333,0.137774,3.318640,10.238600
334,0.357399,3.562860,10.395600
335,0.570804,4.109050,10.498800
336,0.563019,4.712390,10.580800
337,0.524973,5.053550,10.517300
338,-0.926686,3.930240,10.675900
339,6.553980,13.523900,1.767970
340,5.469710,14.267100,0.351879
341,3.794630,14.915300,-0.000997
342,3.229510,15.178500,0.049684
343,1.875850,15.878600,0.527197
344,1.453410,16.088400,1.089130
345,1.376220,16.242500,1.652200
346,1.414640,16.098801,2.246680
347,1.824050,15.803000,3.259280
348,2.685770,15.344600,3.668490
349,4.663280,14.488900,3.680110
350,5.374600,14.181600,3.682420
351,6.637910,13.161100,2.657070
352,7.304380,13.962700,1.796050
353,6.276450,14.722500,0.267931
354,4.258630,15.736100,-0.209935
355,3.633690,16.072701,-0.150540
356,2.141650,16.956800,0.397597
357,1.675740,17.221001,1.038870
358,1.598660,17.399000,1.680870
359,1.633180,17.230400,2.357260
360,2.079670,16.862499,3.508800
361,3.029140,16.282000,3.972040
362,6.008670,14.780700,3.980310
363,7.376260,13.540800,2.806980
364,7.623850,18.189699,1.899230
365,6.549580,18.298599,0.561690
366,4.608430,18.215700,0.124363
367,3.995310,18.212500,0.167129
368,2.493250,18.275999,0.617373
369,2.023440,18.298800,1.163720
370,1.883560,18.417801,1.712470
371,1.971390,18.322001,2.300470
372,2.447820,18.258499,3.303170
373,3.401240,18.225401,3.717450
374,6.277940,18.326500,3.761970
375,7.840980,17.926300,2.782830
376,6.900470,19.039700,1.900620
377,6.048370,19.160601,0.836163
378,4.501090,19.152700,0.488545
379,4.013110,19.168200,0.522843
380,2.819840,19.262100,0.882106
381,2.446850,19.293200,1.317400
382,2.339220,19.390900,1.754660
383,2.406490,19.311001,2.222670
384,2.784070,19.244499,3.020810
385,3.541930,19.189199,3.350260
386,5.834100,19.184700,3.384730
387,7.065790,18.822001,2.603640
388,6.213950,19.887400,1.918490
389,5.657970,19.919300,1.227650
390,4.658640,19.835300,1.001560
391,4.342460,19.820801,1.023490
392,3.566270,19.822800,1.255470
393,3.323310,19.825500,1.537350
394,3.295650,19.837900,2.124100
395,3.542420,19.816401,2.641890
396,4.034740,19.819901,2.856010
397,5.516350,19.932301,2.879530
398,6.331200,19.757299,2.375010
399,4.181570,20.311800,1.887350
400,-2.583060,16.091000,2.654850
401,-2.945530,16.299500,1.581030
402,-3.493910,16.158800,1.137260
403,-4.148890,16.029200,0.773940
404,-5.273860,15.687700,0.522317
405,-5.975100,15.494200,0.443762
406,-7.158230,14.619900,1.386000
407,-7.172120,14.648200,1.531060
408,-7.001480,14.425500,3.207580
409,-6.807530,14.582700,3.342190
410,-5.983860,15.297400,3.709000
411,-4.498020,15.671600,3.728250
412,-4.214360,15.765500,3.627010
413,-2.594260,16.021200,2.969480
414,-2.348620,16.978300,2.669330
415,-2.827840,17.181900,1.400390
416,-4.220870,16.687500,0.455503
417,-6.299610,15.778800,0.084387
418,-7.544250,14.552800,1.212060
419,-7.562390,14.582300,1.385330
420,-7.323520,14.311800,3.303970
421,-6.220770,15.504300,3.967420
422,-4.524570,16.174801,3.971680
423,-2.345420,16.890301,3.042900
424,-3.012880,18.823500,2.540770
425,-3.504570,19.029200,1.244910
426,-4.925200,18.516001,0.280331
427,-7.043320,17.574900,-0.097852
428,-8.306370,16.314199,1.054320
429,-8.077920,16.068100,3.191060
430,-6.958380,17.292900,3.868720
431,-5.229810,17.988400,3.872270
432,-3.008800,18.733400,2.922340
433,-3.412890,19.747299,2.387180
434,-3.795890,19.985901,1.210490
435,-5.118290,19.735901,0.323344
436,-7.134140,19.223499,-0.044172
437,-8.466450,18.319099,0.983910
438,-8.336360,18.098200,2.912310
439,-7.166040,19.020700,3.527280
440,-5.527260,19.370001,3.553780
441,-3.429320,19.672701,2.731440
442,-4.104580,20.893400,1.190760
443,-5.247440,20.627199,0.424129
444,-6.980020,20.103901,0.111395
445,-8.097160,19.262199,1.007880
446,-7.966840,19.069000,2.683400
447,-6.983790,19.914301,3.216420
448,-5.573860,20.282200,3.233660
449,-3.767020,20.630600,2.510630
450,-5.994110,20.833599,1.539890
451,-6.565520,20.633699,1.152610
452,-7.418770,20.265699,1.000290
453,-7.931360,19.766300,1.462140
454,-7.841920,19.667500,2.319120
455,-7.387920,20.153799,2.590920
456,-6.691770,20.424999,2.592930
457,-5.797480,20.713400,2.212850
458,-7.759560,20.256300,1.944750
459,4.489250,-0.397565,1.678910
460,4.578940,-0.882098,3.272280
461,5.278390,-2.273250,4.024030
462,6.626580,-4.024330,4.067970
463,7.877420,-5.272540,2.855480
464,8.223750,-5.485200,2.279640
465,8.576840,-5.653550,1.498260
466,6.920100,-0.025654,0.207170
467,6.154060,0.402319,1.663120
468,6.161070,-0.154891,3.603970
469,6.797300,-1.696420,4.384870
470,7.774660,-3.315300,4.542400
471,8.075090,-3.673470,4.396850
472,9.266680,-5.102150,3.074680
473,9.946170,-5.561350,1.613110
474,9.410360,-0.307409,-2.057570
475,8.798480,0.353463,-1.148070
476,7.217240,0.790581,1.266760
477,7.070290,0.716171,1.684950
478,10.236500,0.068841,-2.106200
479,9.500960,0.683983,-1.182440
480,7.746080,0.960380,1.280480
481,7.590740,0.867861,1.711640
482,9.901860,0.897039,-0.833129
483,8.252870,1.110610,1.438520
484,8.108560,1.021330,1.837340
485,8.299030,0.251361,4.669890
486,-6.368970,-2.083030,3.096810
487,-5.697070,-1.357010,2.564330
488,-5.572890,-0.658732,1.834140
489,-10.148900,-6.092840,-2.267880
490,-10.023500,-6.579830,-0.083839
491,-9.956840,-6.468620,0.504061
492,-9.467980,-6.092820,2.093620
493,-9.109840,-5.676830,2.870620
494,-8.263080,-4.870050,3.727310
495,-7.451370,-3.372470,3.780150
496,-7.164280,-3.067830,3.672820
497,-6.670910,-0.662902,2.582580
498,-6.509360,-0.082999,1.982020
499,-11.253800,-4.853070,-2.106460
500,-11.203300,-5.363520,0.095412
501,-10.617700,-4.931250,2.178680
502,-10.238600,-4.556440,2.919910
503,-9.363670,-3.841820,3.732110
504,-8.480870,-2.465480,3.771050
505,-8.927790,-0.335116,2.333190
506,-8.760110,0.146913,1.818590
507,-8.784740,0.770169,-0.221074
508,-10.168800,-0.658255,-2.584510
509,-11.708600,-2.324910,-2.564330
510,-12.236200,-2.838330,-2.385180
511,-13.112900,-3.630740,-1.617590
512,-13.083900,-4.063190,0.260004
513,-12.543800,-3.726690,2.029990
514,-12.193200,-3.429370,2.657880
515,-11.399900,-2.872910,3.341620
516,-10.566100,-1.755960,3.364530
517,-10.972300,0.631453,2.397500
518,-10.801300,1.140600,1.831610
519,-10.821200,1.661550,0.002887
520,-10.746100,1.334950,-1.135310
521,-11.603200,0.799209,-1.954990
522,-12.155500,0.351906,-2.206460
523,-13.634200,-1.175530,-2.181820
524,-14.139200,-1.644760,-2.012050
525,-14.975700,-2.367190,-1.289730
526,-14.952700,-2.771360,0.469803
527,-14.434500,-2.466530,2.126410
528,-14.097800,-2.195190,2.713490
529,-13.340700,-1.690770,3.351440
530,-12.535100,-0.662741,3.369610
531,-12.616700,2.190460,2.468410
532,-12.468100,2.597250,2.030550
533,-12.483700,3.125990,0.297094
534,-12.413000,2.830470,-0.735134
535,-13.186700,2.340020,-1.479220
536,-13.684900,1.931350,-1.707760
537,-15.017400,0.537896,-1.686790
538,-15.472800,0.109514,-1.533290
539,-16.227900,-0.550468,-0.878970
540,-16.205999,-0.917258,0.716651
541,-15.739000,-0.638289,2.219440
542,-15.435600,-0.390463,2.752150
543,-14.752200,0.071072,3.331350
544,-14.027400,1.007850,3.348620
545,-13.488800,3.113450,2.337960
546,-13.307100,3.425230,1.960020
547,-13.269800,3.860140,0.485420
548,-13.282600,3.597950,-0.389068
549,-14.023900,3.315520,-1.000190
550,-14.511300,3.057500,-1.180340
551,-15.851100,2.120230,-1.123330
552,-17.021500,1.419920,-0.404004
553,-17.029600,1.118110,0.952161
554,-16.562000,1.279010,2.214930
555,-15.599000,1.709690,3.131810
556,-14.839900,2.368410,3.123590
557,-13.913300,3.737890,2.076510
558,-13.709200,3.909760,1.772930
559,-13.615800,4.206320,0.624829
560,-13.731600,4.017340,-0.045675
561,-14.367500,4.019930,-0.487899
562,-14.797600,3.970450,-0.606147
563,-15.057200,3.901650,-0.626490
564,-16.022900,3.672530,-0.500558
565,-16.417601,3.597250,-0.369986
566,-17.034800,3.500460,0.106818
567,-17.074301,3.291070,1.160100
568,-16.644899,3.280720,2.117080
569,-16.364201,3.310530,2.446680
570,-15.796400,3.323860,2.785440
571,-15.065300,3.584730,2.741970
572,-14.248000,4.230780,1.801640
573,-14.091600,4.332620,1.582250
574,-14.012000,4.530370,0.761832
575,-14.119200,4.405570,0.286213
576,-14.573500,4.464600,-0.021640
577,-14.883300,4.468840,-0.100772
578,-15.775200,4.371240,-0.010254
579,-16.059500,4.354690,0.087617
580,-16.498800,4.344370,0.434824
581,-16.533501,4.203000,1.186680
582,-16.219700,4.158920,1.863710
583,-15.608200,4.113290,2.330080
584,-15.068200,4.230320,2.289620
585,-15.991600,5.147790,1.116820
586,10.653500,-0.287442,-2.382250
587,10.515300,0.415482,-1.575330
588,10.346900,0.894247,-0.640308
589,10.134600,1.012740,0.475619
590,9.883080,1.105150,1.791500
591,9.698930,0.844946,2.712380
592,9.335960,0.337692,4.528250
593,9.084990,-1.177560,5.633040
594,9.034610,-2.564650,5.739820
595,9.517970,-4.317220,5.129650
596,9.937500,-5.154820,3.945260
597,10.147400,-5.472490,3.255630
598,10.489000,-5.768280,1.921360
599,10.557000,-5.791060,1.621170
600,10.639000,-5.686740,1.132770
601,11.997300,-0.268931,-2.168150
602,11.863800,0.457681,-1.330870
603,11.696300,0.952322,-0.361661
604,11.221500,1.168870,2.156010
605,10.649100,0.373136,4.986430
606,10.372300,-1.195070,6.125470
607,10.303600,-2.630100,6.231880
608,10.782000,-4.447600,5.594690
609,11.417300,-5.645010,3.651250
610,11.835500,-5.974700,1.958440
611,12.230100,-5.304850,-0.523642
612,12.294200,-4.534600,-1.523290
613,12.183500,-2.250590,-3.056430
614,12.087400,-1.805980,-2.935560
615,13.957200,-1.052320,-1.975310
616,13.836400,-0.283100,-1.081390
617,13.673900,0.239951,-0.048814
618,13.181500,0.465805,2.626660
619,12.559700,-0.382192,5.627890
620,12.227500,-2.046770,6.827730
621,12.117300,-3.568720,6.931610
622,12.575900,-5.506060,6.242220
623,13.214400,-6.780880,4.169640
624,13.645700,-7.130710,2.369290
625,14.076300,-6.413940,-0.262485
626,14.162100,-5.591600,-1.318960
627,14.100800,-3.154620,-2.931610
628,15.296300,-2.376170,-1.279170
629,15.261900,-1.717360,-0.483102
630,15.171400,-1.271620,0.429207
631,14.780800,-1.090900,2.770690
632,14.190100,-1.838180,5.375430
633,13.770300,-3.280350,6.390500
634,13.547800,-4.594160,6.451050
635,13.779100,-6.299290,5.806590
636,14.212700,-7.415290,3.968130
637,14.545800,-7.716970,2.387640
638,14.962100,-7.075380,0.103984
639,15.098400,-6.346590,-0.801108
640,15.238500,-4.192500,-2.156960
641,16.240601,-3.850300,-0.475050
642,16.308300,-3.361770,0.172286
643,16.305500,-3.035000,0.905120
644,16.048100,-2.922330,2.757860
645,15.515400,-3.511710,4.791240
646,15.008800,-4.608830,5.550060
647,14.663300,-5.600240,5.559430
648,14.611500,-6.930990,4.995300
649,14.783500,-7.791400,3.507890
650,14.987300,-8.015900,2.250580
651,15.373600,-7.496330,0.468936
652,15.567200,-6.918740,-0.221758
653,15.947700,-5.221390,-1.221880
654,16.795500,-5.477030,0.304608
655,16.940701,-5.195060,0.774473
656,17.008900,-5.012180,1.298220
657,16.878000,-4.979630,2.596590
658,16.431101,-5.373480,3.995790
659,15.891500,-6.048910,4.486260
660,15.471700,-6.647090,4.456900
661,15.178000,-7.499380,4.006980
662,15.113600,-8.033820,2.931190
663,15.193900,-8.160400,2.042810
664,15.532100,-7.798020,0.818895
665,15.764000,-7.414260,0.360111
666,16.330601,-6.301740,-0.268282
667,16.837299,-6.374320,0.678351
668,16.973900,-6.186060,1.037420
669,17.044600,-6.066530,1.435750
670,16.958099,-6.059410,2.417070
671,16.598101,-6.346490,3.468370
672,16.137899,-6.816400,3.829070
673,15.770700,-7.227400,3.798160
674,15.473100,-7.830510,3.443450
675,15.370800,-8.201610,2.621210
676,15.413900,-8.283840,1.947640
677,15.690900,-8.014740,1.028910
678,15.895200,-7.737260,0.688791
679,16.412901,-6.939130,0.233048
680,17.074301,-7.106530,2.041290
681,7.342960,-13.190200,6.508670
682,5.910790,-12.348700,7.327780
683,4.088450,-11.971900,8.259340
684,2.328390,-12.552900,8.270780
685,1.854440,-13.246400,8.195290
686,1.134960,-14.226500,7.773540
687,0.856109,-15.847400,6.894980
688,8.706110,-15.016000,6.871160
689,8.225120,-14.523400,7.958400
690,6.690160,-13.678100,9.109540
691,4.720190,-13.315900,10.247000
692,2.622950,-13.792700,10.150800
693,2.018170,-14.483500,9.888690
694,1.110020,-15.369500,9.172810
695,0.636617,-16.878401,7.774610
696,0.752010,-17.480600,6.433410
697,9.116380,-18.320900,6.874570
698,9.501460,-17.594500,6.974870
699,9.439120,-15.913900,8.305000
700,8.855650,-15.143600,9.248690
701,7.130620,-14.126400,10.160700
702,5.008410,-13.645800,11.214200
703,2.878910,-14.397500,11.292300
704,2.334440,-15.237700,11.251300
705,1.506570,-16.448500,10.819600
706,1.219920,-18.439600,9.891180
707,1.440590,-19.440599,8.731440
708,2.005350,-20.205700,7.860120
709,2.928350,-20.701799,6.553000
710,3.513290,-20.875401,5.808020
711,4.908670,-20.785500,5.084940
712,5.327430,-20.716299,5.037960
713,5.728980,-20.641300,5.082400
714,7.110860,-20.173000,5.566700
715,7.506890,-19.974600,5.801250
716,8.868980,-18.703600,6.519280
717,9.196980,-18.532000,7.769050
718,9.558470,-17.855700,7.867900
719,9.505030,-16.296301,9.121820
720,8.962560,-15.582500,10.008400
721,7.355070,-14.634800,10.867400
722,5.375330,-14.188000,11.854700
723,3.385310,-14.884400,11.922400
724,2.874720,-15.667000,11.878000
725,2.098490,-16.791800,11.466300
726,1.825330,-18.643000,10.585200
727,2.028470,-19.569599,9.495290
728,2.553490,-20.279100,8.676270
729,3.413660,-20.735201,7.452340
730,3.959160,-20.893400,6.755550
731,5.261970,-20.808100,6.081030
732,5.653080,-20.744301,6.037620
733,6.028150,-20.675800,6.079600
734,7.319530,-20.245899,6.534930
735,7.689800,-20.063499,6.755270
736,8.964930,-18.885900,7.434630
737,9.817410,-18.658800,8.661220
738,10.244900,-17.974600,8.867040
739,10.275200,-16.502501,10.441000
740,9.731640,-15.846500,11.498100
741,8.056440,-14.876300,12.568200
742,5.951920,-14.437500,13.701300
743,3.771980,-15.075000,13.680600
744,3.177950,-15.872000,13.517700
745,2.279200,-16.962200,12.912900
746,1.880270,-18.782900,11.694100
747,2.047090,-19.615101,10.390100
748,2.572070,-20.275700,9.405870
749,3.472680,-20.624399,8.026310
750,4.051260,-20.718000,7.255980
751,5.458090,-20.599300,6.541480
752,5.882360,-20.547199,6.502370
753,6.289530,-20.502100,6.555100
754,7.702040,-20.187799,7.097420
755,8.110310,-20.048300,7.357610
756,8.258990,-19.951700,7.485110
757,9.548070,-18.971300,8.252460
758,9.580570,-18.956900,9.054010
759,9.969520,-18.345800,9.249090
760,10.005100,-17.042000,10.688200
761,9.518950,-16.462999,11.650200
762,8.014820,-15.595200,12.628700
763,6.120980,-15.204600,13.656400
764,4.153150,-15.766900,13.629200
765,3.613540,-16.479500,13.471300
766,2.797670,-17.448400,12.911100
767,2.428150,-19.069300,11.787100
768,2.573750,-19.801399,10.600300
769,3.043080,-20.385401,9.703850
770,3.852500,-20.684799,8.455620
771,4.373220,-20.761299,7.760050
772,5.641450,-20.651699,7.117590
773,6.024050,-20.606501,7.082970
774,6.391200,-20.568800,7.131020
775,7.665840,-20.300900,7.623760
776,8.034540,-20.181200,7.860080
777,8.169060,-20.096701,7.976290
778,9.336100,-19.231300,8.681320
779,9.161180,-17.997400,10.250200
780,9.195050,-17.117001,11.274300
781,8.861060,-16.728500,11.953800
782,7.820980,-16.132401,12.650300
783,6.506610,-15.866400,13.372600
784,5.134110,-16.243601,13.344300
785,4.753920,-16.732500,13.221900
786,4.179770,-17.390600,12.815300
787,3.911520,-18.494900,12.004700
788,4.007580,-18.983601,11.166300
789,4.329870,-19.376801,10.532300
790,4.890560,-19.568001,9.658740
791,5.252090,-19.612200,9.173520
792,6.656830,-19.480700,8.738840
793,7.896760,-19.179800,9.334400
794,8.714490,-18.598600,9.839740
795,6.644020,-18.707399,10.700900
796,-2.759800,-13.167500,7.960740
797,-3.469100,-12.198500,7.920870
798,-4.879750,-11.407400,7.681770
799,-5.807370,-11.289000,7.468000
800,-5.967260,-11.278100,7.429830
801,-6.641020,-11.167400,6.821820
802,-7.933420,-11.902900,5.526520
803,-8.477240,-13.049100,4.867640
804,-2.717000,-16.394899,6.248320
805,-2.543720,-15.400200,6.829770
806,-2.293360,-14.015700,7.621770
807,-3.048880,-13.459200,9.215650
808,-3.767480,-12.463300,9.148360
809,-5.206260,-11.649900,8.885600
810,-6.319520,-11.516500,8.628500
811,-7.009310,-11.416000,8.007400
812,-8.324520,-12.162900,6.731060
813,-8.914040,-13.386400,6.071490
814,-8.936240,-14.110900,5.640830
815,-3.038060,-16.813601,7.561610
816,-2.579620,-14.341000,8.892670
817,-3.243460,-13.530600,10.835000
818,-3.924550,-12.486600,10.416400
819,-5.401340,-11.619700,9.897440
820,-6.591560,-11.463200,9.630070
821,-7.360530,-11.520800,8.996180
822,-8.915960,-12.600100,8.051110
823,-9.697690,-14.001700,7.876770
824,-9.815940,-14.881700,7.721710
825,-10.016600,-16.510700,8.016710
826,-9.406990,-18.110800,7.872300
827,-8.247480,-19.591700,7.733600
828,-7.312570,-20.207399,7.808090
829,-5.983940,-20.449200,8.171180
830,-5.177740,-19.617701,9.304310
831,-3.645830,-17.490700,10.452700
832,-2.845370,-14.580100,10.829500
833,-3.542280,-13.454900,11.809600
834,-4.213920,-12.425700,11.401800
835,-5.668770,-11.571500,10.894000
836,-6.840750,-11.417600,10.630600
837,-7.597430,-11.472300,10.005700
838,-9.127050,-12.532400,9.068970
839,-9.894960,-13.912600,8.890190
840,-10.010200,-14.778600,8.733280
841,-10.206000,-16.384199,9.015950
842,-9.603670,-17.958300,8.866650
843,-8.460040,-19.414400,8.723890
844,-7.538770,-20.019899,8.794970
845,-6.230460,-20.258101,9.152240
846,-5.438410,-19.443701,10.272400
847,-3.933370,-17.352900,11.414200
848,-3.149000,-14.487700,11.799500
849,-3.596560,-13.035000,13.555200
850,-4.362840,-11.884900,13.242700
851,-5.977090,-10.938300,12.779100
852,-7.259750,-10.775600,12.488700
853,-8.075970,-10.774000,11.784300
854,-9.689460,-11.844500,10.585800
855,-10.473400,-13.343200,10.180100
856,-10.563700,-14.264200,9.885230
857,-10.721800,-16.052401,9.961290
858,-10.000600,-17.716999,9.591140
859,-8.692180,-19.235399,9.256940
860,-7.663060,-19.869400,9.269550
861,-6.229800,-20.132000,9.653130
862,-5.414670,-19.379299,11.001100
863,-3.868870,-17.220200,12.568300
864,-3.127060,-14.139700,13.407600
865,-4.133390,-13.666700,13.850400
866,-4.833690,-12.622200,13.590800
867,-6.300760,-11.763500,13.187000
868,-7.463190,-11.617000,12.923300
869,-8.198810,-11.603700,12.284000
870,-9.652670,-12.556400,11.167000
871,-10.352900,-13.909500,10.762700
872,-10.428300,-14.737700,10.474300
873,-10.561100,-16.360399,10.502000
874,-9.896480,-17.855801,10.131200
875,-8.700620,-19.216000,9.798260
876,-7.764260,-19.784700,9.798690
877,-6.465030,-20.022900,10.145000
878,-5.735100,-19.366899,11.386000
879,-4.352090,-17.437401,12.860200
880,-3.700860,-14.661400,13.693100
881,-4.912780,-14.132100,14.050600
882,-5.493840,-13.278500,13.879400
883,-6.696920,-12.578400,13.578000
884,-7.644510,-12.460600,13.362200
885,-8.242010,-12.430900,12.836400
886,-9.408280,-13.174100,11.878300
887,-9.961420,-14.265800,11.487000
888,-10.011900,-14.928500,11.216400
889,-10.102000,-16.251900,11.168900
890,-9.541230,-17.445999,10.807400
891,-8.549250,-18.525900,10.486000
892,-7.779630,-18.978500,10.468000
893,-6.720010,-19.173000,10.748100
894,-6.139680,-18.684099,11.791000
895,-5.042760,-17.161400,13.082200
896,-4.548100,-14.930400,13.882900
897,-5.705900,-14.675800,13.691400
898,-6.124260,-14.059300,13.562200
899,-6.992420,-13.553400,13.340600
900,-7.677000,-13.468100,13.184800
901,-8.108080,-13.449000,12.806200
902,-8.954120,-13.990900,12.119800
903,-9.356200,-14.781400,11.845600
904,-9.394170,-15.262000,11.655000
905,-9.461810,-16.218201,11.630400
906,-9.059330,-17.084499,11.377300
907,-8.345050,-17.868900,11.151900
908,-7.789920,-18.197399,11.141500
909,-7.024480,-18.337900,11.344100
910,-6.603210,-17.978201,12.093400
911,-5.806530,-16.871000,13.014000
912,-5.444130,-15.254300,13.575700
913,-7.611040,-14.484100,13.027200
914,-2.363360,-9.273810,-9.439890
915,-0.857446,-7.684710,-9.220900
916,1.152900,-7.856420,-9.158520
917,1.547860,-8.288900,-9.186250
918,2.129350,-9.596370,-9.294360
919,2.268570,-10.644000,-9.235770
920,2.250220,-11.026700,-9.230800
921,2.239270,-11.254500,-9.167110
922,1.976500,-12.052400,-8.961940
923,1.436960,-12.721500,-8.690510
924,1.186500,-13.007700,-8.581880
925,-1.973880,-12.107900,-9.128070
926,-2.018640,-11.962000,-9.169840
927,-2.271640,-11.106400,-9.422930
928,-2.483430,-10.298300,-9.444140
929,-2.742350,-8.717230,-10.217800
930,-0.968673,-6.836410,-10.189400
931,1.391840,-7.032150,-10.062500
932,1.854330,-7.541250,-10.022100
933,2.533100,-9.082470,-9.936570
934,2.667830,-10.738800,-9.638330
935,2.653100,-10.994200,-9.528840
936,2.338040,-11.890900,-9.169340
937,1.400480,-12.942200,-8.588870
938,-1.060220,-13.396300,-8.472760
939,-1.737110,-13.013900,-8.750240
940,-2.301620,-11.970700,-9.408270
941,-2.643070,-10.849300,-9.911600
942,-2.888000,-9.910820,-10.064900
943,-2.374970,-8.282970,-11.953700
944,-0.879504,-6.848600,-11.267200
945,1.116450,-7.004750,-11.319800
946,1.508510,-7.395560,-11.498600
947,2.085590,-8.576700,-12.045300
948,2.211330,-9.934940,-12.459300
949,1.950730,-10.986900,-12.537500
950,1.181250,-12.015800,-12.474500
951,-0.890045,-12.443300,-12.484900
952,-1.471200,-12.060800,-12.526200
953,-1.971570,-11.033500,-12.604100
954,-2.278400,-10.002900,-12.542700
955,-2.491310,-9.242100,-12.291200
956,-1.861900,-7.725700,-12.540900
957,-0.772848,-6.837070,-11.822700
958,0.669533,-6.924420,-11.918100
959,0.950917,-7.163050,-12.120100
960,1.361830,-7.886910,-12.726000
961,1.449010,-8.761630,-13.264200
962,1.261680,-9.485310,-13.506000
963,0.708720,-10.221700,-13.637200
964,-0.787859,-10.531900,-13.690700
965,-1.209500,-10.260300,-13.641300
966,-1.574750,-9.530260,-13.501700
967,-1.797850,-8.821940,-13.266900
968,-1.949360,-8.336460,-12.949500
969,-1.474950,-7.431610,-12.904700
970,-0.692286,-6.814280,-12.367100
971,0.342475,-6.873140,-12.441500
972,0.544019,-7.038250,-12.593900
973,0.837798,-7.539590,-13.050000
974,0.899551,-8.151260,-13.461100
975,0.764982,-8.663320,-13.654800
976,0.368344,-9.187940,-13.768500
977,-0.705431,-9.409870,-13.812000
978,-1.008010,-9.216850,-13.767800
979,-1.270190,-8.697700,-13.645900
980,-1.430120,-8.196740,-13.456800
981,-1.538340,-7.857870,-13.214900
982,-0.358819,-8.165980,-14.050600
983,-2.503200,-18.309299,3.428430
984,-2.722960,-17.924299,4.312980
985,-2.770370,-17.798100,4.528640
986,-3.170510,-16.993200,5.540930
987,-3.700450,-17.660000,5.786130
988,-4.047950,-18.193600,5.967060
989,-4.353380,-18.619400,5.968830
990,-5.757550,-19.327101,5.654870
991,-3.104010,-18.981501,0.118243
992,-2.873160,-18.961300,0.919021
993,-2.430340,-18.931900,1.510880
994,-2.437550,-18.731100,2.162250
995,-2.455550,-18.640699,2.499480
996,-2.881900,-18.594000,2.605790
997,-3.347700,-17.995100,4.220830
998,-4.731690,-18.540899,5.332400
999,-3.050250,-18.886801,1.326950
1000,-4.204510,-18.586100,2.464040
1001,0.710033,-18.659201,-1.137160
1002,2.059130,-18.591801,-0.991563
1003,1.184900,-18.677200,-0.388354
1004,2.005300,-18.595400,-0.057276
1005,6.392370,-19.205601,4.524450
1006,5.649250,-19.492001,4.319420
1007,5.111940,-19.710300,4.191430
1008,4.948490,-19.681299,4.144070
1009,4.808780,-19.629299,4.113090
1010,2.310560,-18.581400,0.006963
1011,2.317290,-18.589399,-0.199142
1012,2.435390,-18.563101,-0.843749
1013,2.445970,-18.529301,-1.453100
1014,2.453030,-18.522900,-1.486640
1015,2.497450,-18.506901,-1.513470
1016,5.140600,-18.077000,0.480865
1017,4.078340,-18.361700,0.515857
1018,5.227130,-18.221500,2.559400
1019,5.813590,-17.882500,0.085182
1020,3.008720,-18.505699,-0.057606
1021,3.149330,-18.362700,-1.358050
1022,4.385250,-18.225201,-0.367964
1023,5.921210,-18.531401,3.730280
1024,4.348490,-18.314800,1.565010
1025,4.917190,-19.293100,3.913800
1026,5.379220,-18.025700,1.430560
1027,6.051710,-17.825800,1.752730
1028,5.974120,-17.856199,0.703995
1029,6.698380,-17.945499,3.811600
1030,6.211270,-17.807100,2.818810
1031,-3.181270,-18.554701,-2.430930
1032,-3.677170,-18.767099,-1.694180
1033,-3.737080,-18.900400,-1.144410
1034,-3.798480,-18.919901,-0.965190
1035,-4.003710,-18.924400,-0.291902
1036,-4.387250,-18.817499,1.003340
1037,-4.569810,-18.655199,1.981170
1038,-4.454770,-18.580601,2.417100
1039,-4.610640,-18.508699,2.720660
1040,-4.841340,-18.339399,3.592870
1041,-5.043370,-18.380501,4.276300
1042,-5.377290,-18.527100,4.818160
1043,-6.326560,-18.969900,5.203530
1044,-6.327570,-18.972601,5.201000
1045,-7.441500,-18.706400,5.423640
1046,-7.805170,-17.625200,-1.220050
1047,-7.806360,-17.616699,-1.256090
1048,-7.786430,-17.621599,-1.280540
1049,-7.088460,-17.762699,-2.270000
1050,-6.733890,-17.843500,-2.481480
1051,-5.973400,-17.860100,-3.116160
1052,-4.795120,-17.983400,-3.412730
1053,-3.754400,-18.224100,-3.200440
1054,-3.179430,-18.507601,-2.565940
1055,-4.425430,-18.518000,-2.236660
1056,-6.068030,-18.592800,-0.074695
1057,-4.167760,-18.859600,-1.090560
1058,-5.711270,-18.209400,-2.412640
1059,-7.013760,-17.969801,-1.530700
1060,-4.613650,-18.862801,-0.206156
1061,-5.234790,-18.716700,1.116950
1062,-7.446390,-17.989401,0.111755
1063,-5.285900,-18.495199,2.474640
1064,-6.350560,-18.453600,4.462110
1065,-5.406490,-18.630199,-1.248150
1066,-6.455580,-18.395700,1.312820
1067,-4.075590,0.814350,-3.373210
1068,-3.013280,0.917503,-3.981760
1069,-2.647920,0.822370,-4.312440
1070,-2.398540,0.502634,-4.884340
1071,-2.430180,-0.562366,-6.314260
1072,-1.813830,-1.281420,-7.332290
1073,-2.771100,-2.451450,-7.833540
1074,-3.895180,-3.073930,-7.815470
1075,-4.387020,-3.445450,-7.831220
1076,-5.074780,-2.521210,-6.561030
1077,-3.595950,-0.128111,-4.914970
1078,-3.013390,-1.610360,-7.064290
1079,-11.907600,-3.056270,-2.447290
1080,-11.464200,-2.597770,-2.632620
1081,-11.380700,-2.501910,-2.666640
1082,-10.996300,-2.455890,-2.737720
1083,-9.543510,-1.921220,-3.009430
1084,-9.022670,-1.696390,-3.108090
1085,-6.463690,-1.964190,-4.768230
1086,-5.910520,-2.754050,-6.166240
1087,-5.691490,-3.012450,-6.681040
1088,-5.697870,-3.487550,-7.192190
1089,-5.722200,-3.694400,-7.328630
1090,-5.784450,-4.135860,-7.490040
1091,-6.334360,-5.091810,-7.453930
1092,-7.177300,-6.321210,-7.175400
1093,-8.302670,-6.817990,-5.853390
1094,-9.496250,-6.192190,-3.832410
1095,-9.720310,-5.836970,-3.051280
1096,-9.881430,-5.502920,-2.782060
1097,-10.204800,-5.257030,-2.542140
1098,-11.013200,-4.372640,-2.381570
1099,-10.334700,-3.280580,-2.848920
1100,-8.894880,-3.648380,-3.787640
1101,-7.396820,-5.182900,-6.513630
1102,-7.093650,-2.912840,-5.202700
1103,-8.569800,-5.682590,-5.168510
1104,-6.250620,-3.720200,-6.815260
1105,-7.743010,-4.191200,-5.612620
1106,-8.701420,0.594052,-0.920757
1107,-6.796990,0.703026,-0.316032
1108,-5.870530,-0.099028,0.846976
1109,-5.609340,-0.442833,1.283660
1110,-5.606570,0.088879,0.489344
1111,-5.531020,0.293355,-0.055678
1112,-5.312610,0.422834,-0.443193
1113,-5.219180,0.483345,-0.703625
1114,-5.079610,0.530771,-1.053580
1115,-5.024960,0.527718,-1.325270
1116,-4.684140,0.559340,-2.418430
1117,-4.436260,0.629863,-2.943230
1118,-4.359690,0.506213,-3.325430
1119,-3.975930,-0.133254,-4.571930
1120,-4.013850,-0.263501,-4.710160
1121,-5.498390,-1.616520,-5.146220
1122,-7.795900,-1.956320,-3.827510
1123,-8.284390,-1.741110,-3.395770
1124,-8.509430,-1.552990,-3.232750
1125,-9.242760,-1.108480,-2.906430
1126,-9.519590,-0.734962,-2.681050
1127,-9.945180,-0.509204,-2.520000
1128,-10.119400,0.130665,-2.121990
1129,-9.986600,0.496030,-1.758440
1130,-9.703190,0.877582,-1.271320
1131,-9.087940,-0.076585,-2.057660
1132,-5.113850,-0.535856,-4.057130
1133,-8.466600,-1.179760,-3.089420
1134,-7.395120,0.204022,-1.261350
1135,-4.879620,0.368914,-2.614130
1136,-6.896820,-1.506430,-4.042770
1137,-5.799970,0.354131,-0.842497
1138,-6.809610,-0.358092,-2.519560
1139,11.195900,-3.852440,-1.976570
1140,11.589700,-4.469410,-1.602030
1141,11.635000,-4.757300,-1.272030
1142,11.614300,-5.124700,-0.762655
1143,10.787100,-5.257660,0.062028
1144,10.368900,-5.413210,0.683658
1145,9.822010,-5.342460,0.995192
1146,8.795740,-5.389900,1.070060
1147,8.635930,-5.556820,1.006290
1148,8.900970,-6.140350,0.232997
1149,4.177300,0.108464,-1.123580
1150,4.918440,-0.390622,0.436485
1151,4.914010,-0.456217,0.794712
1152,5.592780,-0.347554,0.546112
1153,6.821640,-0.114435,0.152843
1154,6.904770,-0.107049,0.092802
1155,7.952370,-0.263191,-0.902691
1156,6.839380,-2.925940,-6.387910
1157,7.064270,-3.823850,-6.477670
1158,8.759150,-6.018660,-0.508243
1159,9.009180,-6.513610,-0.843200
1160,9.634400,-7.670870,-1.175380
1161,9.918650,-8.296970,-1.412460
1162,9.946300,-8.989070,-2.429120
1163,9.719470,-9.774600,-3.807600
1164,9.267660,-9.319350,-4.566850
1165,8.841030,-8.935390,-5.167790
1166,8.307210,-7.859400,-5.616320
1167,9.680520,-9.049190,-3.542010
1168,9.719110,-8.326660,-2.459010
1169,9.039650,-8.046500,-4.188400
1170,9.058440,-6.989450,-2.357010
1171,8.697240,-0.416741,-1.471010
1172,8.938510,-0.484356,-1.701230
1173,9.193000,-0.537614,-1.944120
1174,9.358220,-0.492823,-2.041200
1175,9.442900,-0.502044,-2.094300
1176,9.552620,-0.580751,-2.176120
1177,9.797740,-0.816638,-2.374720
1178,10.849300,-0.994233,-2.727480
1179,10.928600,-1.365020,-2.827250
1180,8.452340,-2.858190,-5.547030
1181,7.563590,-2.822240,-6.057280
1182,6.925260,-2.868570,-6.340050
1183,6.913330,-2.875100,-6.347830
1184,6.888120,-2.835350,-6.326880
1185,9.882310,-1.317780,-2.699310
1186,8.072800,-2.335460,-5.594270
1187,9.139020,-1.704080,-3.729590
1188,9.015510,-2.020180,-4.508990
1189,9.241120,-0.891202,-2.213260
1190,8.628130,-2.330310,-5.189040
1191,9.102160,-1.459390,-2.863250
1192,9.180970,-2.287160,-4.622390
1193,9.349590,-2.233420,-4.190290
1194,9.438740,-2.023070,-3.847210
1195,9.522620,-1.849620,-3.436720
1196,9.888580,-1.370550,-2.735600
1197,9.972920,-1.373180,-2.717430
1198,10.657800,-1.384780,-2.784180
1199,11.426200,-2.251610,-3.079770
1200,11.149100,-3.830570,-1.953360
1201,11.161300,-3.850520,-1.946960
1202,9.862320,-4.752370,0.238385
1203,9.548420,-4.942780,0.477411
1204,8.941520,-5.097350,0.654812
1205,8.537470,-5.221390,0.599743
1206,8.542080,-5.283750,0.192401
1207,8.595030,-5.521320,-0.210122
1208,8.637040,-5.633520,-0.625862
1209,8.675690,-5.747600,-0.761045
1210,8.785150,-5.911580,-1.354200
1211,8.818600,-5.997000,-1.905370
1212,8.846600,-6.278680,-2.658070
1213,8.793880,-6.838380,-3.553630
1214,8.545800,-7.081970,-4.847820
1215,8.305500,-7.204890,-5.448610
1216,8.035060,-7.170130,-5.826300
1217,7.586870,-7.064290,-6.314210
1218,7.092220,-6.221650,-6.760130
1219,6.995660,-5.903880,-6.809940
1220,7.117690,-5.446760,-6.571990
1221,7.225740,-4.814450,-6.398220
1222,7.545310,-4.330990,-6.055240
1223,8.171450,-3.534960,-5.584140
1224,8.282900,-3.235980,-5.563740
1225,8.478910,-3.019880,-5.489880
1226,8.711720,-2.838400,-5.340140
1227,8.915880,-2.587140,-4.905220
1228,9.229050,-3.216260,-3.322770
1229,10.407200,-1.866990,-2.868500
1230,10.146400,-3.711090,-1.408230
1231,8.765790,-4.349290,-3.372350
1232,8.344960,-5.611510,-4.791660
1233,7.540860,-6.305240,-6.227040
1234,9.677810,-2.663270,-3.122100
1235,8.764420,-5.783910,-1.781260
1236,8.469300,-3.314800,-5.340540
1237,8.213860,-6.510460,-5.312230
1238,7.778060,-5.356580,-5.756910
1239,8.677820,-5.710980,-3.678770
1240,8.287610,-4.595370,-4.989450
1241,1.935890,-3.136390,-8.075590
1242,2.969720,-2.555390,-7.648500
1243,6.461680,-2.948440,-6.575550
1244,6.482870,-3.249980,-6.732250
1245,6.652510,-3.836510,-6.816660
1246,6.630470,-4.174910,-6.904020
1247,6.535770,-4.926290,-7.121990
1248,6.222020,-5.429540,-7.648140
1249,5.942250,-5.558220,-7.886320
1250,4.475880,-5.972240,-8.662820
1251,3.336780,-5.055080,-8.732250
1252,2.554730,-4.561420,-8.637000
1253,2.141190,-3.756660,-8.333570
1254,2.934280,-3.480440,-8.154910
1255,4.729460,-4.994150,-8.399750
1256,4.026710,-2.485700,-7.404360
1257,6.034960,-2.767290,-6.597910
1258,5.793910,-4.840850,-7.792600
1259,3.773260,-4.366020,-8.447750
1260,3.584820,-2.804250,-7.765070
1261,6.081310,-4.031110,-7.223850
1262,4.940660,-4.303570,-8.124380
1263,4.309760,-3.352500,-7.855720
1264,-6.698730,-18.169500,2.158480
1265,-6.651230,-18.130301,2.610530
1266,-6.650050,-18.191900,3.747060
1267,-6.594520,-18.247999,4.317530
1268,-6.609530,-18.271900,4.469940
1269,-7.527740,-18.178699,5.156360
1270,-8.238600,-17.798300,5.572240
1271,-8.997980,-16.042200,5.717500
1272,-9.104890,-15.556400,5.630500
1273,-8.941580,-14.846500,5.349160
1274,-8.851150,-14.373600,5.284580
1275,-8.766010,-14.084300,5.160170
1276,-9.040130,-13.506300,4.185000
1277,-9.281240,-13.461000,3.892390
1278,-10.033200,-13.842900,2.572400
1279,-10.298600,-14.034000,2.007370
1280,-10.445100,-14.070200,1.670980
1281,-10.510300,-14.230400,1.233070
1282,-10.430300,-14.819500,0.335175
1283,-10.328300,-15.023800,-0.154214
1284,-10.030900,-15.414000,-0.568392
1285,-9.817320,-15.700400,-0.680132
1286,-9.469970,-16.151400,-0.614495
1287,-9.028200,-16.643101,-0.617155
1288,-8.599940,-17.111799,-0.389686
1289,-8.299050,-17.476700,-0.173699
1290,-7.836820,-17.746401,0.305225
1291,-7.648370,-17.842501,0.522578
1292,-7.127720,-18.010900,1.516160
1293,-7.680250,-17.739000,4.845660
1294,-8.902300,-16.253401,2.433430
1295,-7.107010,-17.859600,3.497770
1296,-8.831150,-14.945400,4.630580
1297,-7.338210,-17.733801,2.370780
1298,-8.090060,-16.886299,3.765660
1299,-8.239710,-17.363199,0.770131
1300,-10.097100,-15.012600,1.403500
1301,-8.588150,-16.421000,5.168070
1302,-9.008250,-16.720400,-0.006155
1303,-9.575520,-14.479500,3.008920
1304,-9.331590,-16.298401,1.068980
1305,-9.910960,-15.624900,0.061987
1306,8.381400,-14.979900,6.277510
1307,8.460670,-15.464000,5.983510
1308,8.762360,-16.812500,5.917220
1309,8.703270,-17.207500,5.771450
1310,8.454530,-17.607401,5.508900
1311,8.275150,-17.679600,5.349430
1312,7.743410,-18.091801,5.027830
1313,7.044710,-17.776699,4.316700
1314,6.815570,-17.816000,3.827560
1315,6.796000,-17.810101,3.752100
1316,6.786580,-17.770901,3.572460
1317,6.504130,-17.694500,2.801910
1318,6.615470,-17.621201,2.424550
1319,6.550590,-17.651199,1.968290
1320,6.862100,-17.635401,0.895469
1321,9.677980,-15.380000,0.757261
1322,9.730500,-15.270000,1.118900
1323,9.610290,-15.026800,2.196350
1324,9.512830,-14.651100,2.815650
1325,8.911280,-14.670300,3.536050
1326,8.019370,-14.250800,5.078880
1327,8.053590,-14.536400,5.555800
1328,8.293670,-15.224100,4.593720
1329,8.370490,-16.297199,2.592060
1330,8.335490,-16.898701,5.249990
1331,7.123570,-17.440399,3.258760
1332,8.855460,-15.257900,3.216890
1333,7.277420,-17.306999,1.739470
1334,7.883450,-16.641500,3.888910
1335,3.299700,-20.388100,5.539090
1336,2.770060,-20.119499,6.007480
1337,2.395920,-19.741100,6.157240
1338,1.797240,-19.200701,6.606550
1339,0.903801,-17.565201,6.322780
1340,0.819213,-17.513201,6.359900
1341,0.816415,-17.399599,6.345210
1342,0.872976,-16.458500,6.165720
1343,0.773509,-16.377701,6.138720
1344,-0.547262,-17.055099,5.500030
1345,-0.973561,-17.529900,4.929540
1346,-1.054010,-17.625299,4.772180
1347,-1.125740,-17.981100,3.993150
1348,-1.215200,-18.064501,3.816850
1349,-1.355490,-18.194000,3.538300
1350,-1.280910,-18.290501,3.233400
1351,-1.652310,-18.728701,2.035410
1352,-1.521330,-18.772400,1.739520
1353,-0.878568,-18.795200,0.622388
1354,-0.801691,-18.834400,0.243165
1355,-0.266011,-18.777700,0.116888
1356,0.487302,-18.720200,-0.095891
1357,1.167240,-18.645201,-0.079719
1358,1.797000,-18.583200,0.119665
1359,1.982150,-18.564800,0.221307
1360,2.177790,-18.551901,0.285758
1361,2.360270,-18.535900,0.353912
1362,2.642940,-18.497000,0.496052
1363,3.056150,-18.449100,0.756121
1364,3.322770,-18.416100,1.034290
1365,3.708310,-18.378000,1.440730
1366,4.031840,-18.363899,1.750210
1367,4.231980,-18.353800,1.873290
1368,4.807250,-18.401300,2.647500
1369,4.701080,-19.239201,3.841500
1370,4.781130,-19.298901,3.913200
1371,4.655220,-19.498600,4.063680
1372,4.495720,-19.682800,4.270250
1373,4.078780,-19.873600,4.639430
1374,3.473930,-20.447901,5.411960
1375,1.776810,-18.670500,5.965800
1376,-0.575064,-17.563601,4.781170
1377,0.063391,-18.629700,0.802927
1378,2.443100,-18.566200,3.272540
1379,2.579150,-19.543200,5.595420
1380,-0.585391,-18.573999,1.664490
1381,1.239580,-18.587000,0.367539
1382,2.845390,-18.451599,1.855830
1383,0.440148,-18.149799,3.570800
1384,3.829940,-18.609400,2.740430
1385,3.796230,-19.241199,4.065440
1386,2.057780,-18.589500,4.722070
1387,-0.884839,-18.471001,2.430500
1388,2.399380,-18.496799,0.690339
1389,1.422700,-18.442900,1.577170
1390,-0.635720,-18.099501,3.621930
1391,0.573386,-17.800400,4.421100
1392,0.359991,-18.345301,2.536480
1393,1.208020,-18.298100,3.527460
1394,3.251020,-19.795799,5.083520
1395,1.627410,-18.409401,2.596410
1396,1.829820,1.102600,-4.297310
1397,2.142850,1.084450,-4.227590
1398,2.950760,0.877488,-3.666440
1399,2.985490,0.855517,-3.623640
1400,3.797930,0.319393,-2.715420
1401,4.123680,0.282059,-1.927750
1402,4.303840,0.040125,-1.249990
1403,4.568750,-0.177317,-0.761825
1404,4.570580,-0.210269,-0.490365
1405,4.897020,-0.312656,-0.269487
1406,5.223040,-0.380424,0.181221
1407,5.682990,-0.366576,0.289866
1408,6.370030,-0.304144,0.005816
1409,6.711850,-0.274730,-0.014985
1410,7.052350,-0.330692,-0.290053
1411,7.891410,-0.313382,-0.890815
1412,7.939230,-0.314016,-0.920161
1413,7.965700,-0.340564,-0.959427
1414,8.228830,-0.450128,-1.214540
1415,8.432470,-0.515643,-1.373590
1416,8.613630,-0.580544,-1.549390
1417,8.731450,-0.656186,-1.690300
1418,8.766970,-0.720041,-1.768310
1419,8.772100,-0.849813,-1.899580
1420,8.759880,-1.106230,-2.269070
1421,8.878180,-1.429800,-2.803450
1422,8.898700,-1.478030,-2.921250
1423,8.927780,-1.649860,-3.580930
1424,8.854360,-1.680430,-3.748270
1425,8.682710,-1.828220,-4.304420
1426,8.552860,-1.900610,-4.573880
1427,8.263470,-2.039010,-5.019860
1428,8.017310,-2.222700,-5.493770
1429,7.849690,-2.246710,-5.592450
1430,7.420640,-2.566680,-5.977960
1431,6.978670,-2.680230,-6.205000
1432,6.812320,-2.737320,-6.281860
1433,6.753790,-2.737150,-6.299250
1434,6.635270,-2.728350,-6.337670
1435,6.341260,-2.725920,-6.459320
1436,6.035720,-2.737120,-6.575900
1437,6.016170,-2.726360,-6.578690
1438,5.859480,-2.658410,-6.621550
1439,4.921490,-2.584510,-7.049330
1440,4.491810,-2.330520,-7.089950
1441,4.099610,-2.240000,-7.165760
1442,3.522390,-2.003920,-7.022530
1443,2.869160,-1.168630,-6.488000
1444,1.761710,0.735625,-4.685840
1445,1.664870,1.010530,-4.428900
1446,2.151870,0.158104,-5.187250
1447,2.736900,-0.056964,-5.142760
1448,6.184560,-1.181020,-3.306940
1449,5.517540,-0.387007,-0.138093
1450,4.182870,-2.103410,-7.031720
1451,2.311170,-0.186015,-5.544000
1452,2.248250,0.599224,-4.616910
1453,2.903440,0.528850,-4.156400
1454,3.421070,-1.029940,-6.212810
1455,6.598030,-1.595510,-5.073910
1456,4.436590,-0.538406,-4.239580
1457,5.337310,-0.638200,-1.960140
1458,7.063080,-1.193290,-1.898960
1459,7.554810,-1.523890,-3.508170
1460,2.744820,-0.569676,-5.865850
1461,3.653930,-1.557810,-6.662930
1462,7.646780,-1.906130,-5.132080
1463,7.187980,-2.179260,-5.722680
1464,6.471640,-2.475560,-6.224220
1465,6.335160,-1.279430,-4.089120
1466,4.304840,-1.225180,-6.068840
1467,3.501790,0.238598,-3.804120
1468,3.629370,-0.242691,-4.695460
1469,5.392630,-0.904666,-3.711660
1470,5.960890,-0.496581,-0.683191
1471,4.755530,-0.225630,-1.333880
1472,4.347910,-0.023266,-2.250960
1473,5.762710,-0.971029,-2.688680
1474,8.281180,-0.886212,-1.766050
1475,7.380630,-0.591522,-0.964355
1476,6.304340,-0.995099,-1.779530
1477,6.567020,-1.262240,-2.603640
1478,8.456140,-1.477290,-3.028950
1479,7.374050,-1.399780,-2.670780
1480,8.175150,-1.726830,-4.251060
1481,6.861430,-1.387570,-3.417820
1482,7.197470,-1.530970,-4.234920
1483,5.289170,-2.125630,-6.513750
1484,5.431300,-1.344050,-5.442740
1485,4.379970,-1.927620,-6.794220
1486,4.435150,-0.779744,-5.106100
1487,3.862420,0.132564,-3.085550
1488,3.573390,-0.635712,-5.561850
1489,4.832790,-0.281533,-0.577737
1490,4.439210,-0.353131,-3.298970
1491,5.788730,-1.180990,-4.628280
1492,5.109680,-0.934761,-4.654300
1493,5.059850,-0.638208,-2.772540
1494,1.260480,-14.757100,-7.519230
1495,1.613910,-14.122200,-8.001750
1496,1.872840,-13.359000,-8.427840
1497,2.117060,-12.859000,-8.648770
1498,2.284110,-12.254900,-8.886430
1499,2.322320,-12.084100,-8.945020
1500,2.512350,-11.402300,-9.139000
1501,2.643890,-11.248400,-9.171940
1502,2.672700,-11.039100,-9.212570
1503,2.752910,-10.780200,-9.226710
1504,3.100310,-10.375600,-9.233040
1505,4.022320,-9.794510,-9.225240
1506,4.193190,-9.744140,-9.213580
1507,4.498150,-9.979610,-9.065290
1508,5.906310,-9.908980,-8.270790
1509,7.108110,-10.921800,-7.305820
1510,8.214800,-11.308200,-6.294250
1511,8.722500,-11.068300,-5.638080
1512,9.231510,-11.732100,-4.933480
1513,9.622000,-12.021900,-4.148300
1514,9.980760,-12.731500,-2.724220
1515,10.197700,-12.891000,-0.975090
1516,10.135500,-14.137700,-0.176482
1517,9.787000,-15.068700,0.180417
1518,9.604600,-15.418700,0.405968
1519,9.523410,-15.542800,0.486773
1520,9.348200,-15.726000,0.605403
1521,9.185020,-15.861000,0.750823
1522,8.947190,-16.039200,0.935572
1523,8.581740,-16.369600,1.065870
1524,8.109790,-16.797600,0.826284
1525,7.323370,-17.381300,0.673521
1526,7.033930,-17.559700,0.626916
1527,6.777190,-17.659401,0.335673
1528,6.234460,-17.808701,0.188258
1529,5.864730,-17.876900,0.032473
1530,5.810280,-17.889299,-0.010437
1531,5.405600,-17.999599,-0.252929
1532,5.115350,-18.064501,-0.483824
1533,4.769980,-18.118500,-0.880798
1534,4.093100,-18.170500,-1.563400
1535,3.418990,-18.183901,-1.978810
1536,2.162500,-17.979200,-3.284780
1537,2.069310,-17.956499,-3.395230
1538,2.058760,-17.886999,-3.560220
1539,1.258290,-17.416300,-4.551470
1540,1.050620,-16.764500,-5.431130
1541,0.679545,-16.349100,-5.910160
1542,0.604570,-16.211000,-6.067960
1543,0.549024,-16.049200,-6.248930
1544,0.499800,-15.855500,-6.447110
1545,0.652087,-15.176700,-7.011640
1546,1.016100,-15.035100,-7.215670
1547,1.080580,-16.099800,-6.204130
1548,5.371790,-12.677900,-8.198810
1549,8.940520,-15.957900,-1.653720
1550,2.634210,-17.052601,-5.071030
1551,1.418800,-15.311900,-7.010110
1552,8.010850,-12.290200,-6.460640
1553,4.208670,-14.654400,-7.517080
1554,3.856560,-10.857000,-9.044700
1555,3.349720,-12.448200,-8.716110
1556,5.762600,-11.141000,-8.301450
1557,7.768150,-17.031200,-0.633836
1558,9.631390,-14.249500,-3.368630
1559,9.148630,-15.878800,0.309822
1560,9.718280,-14.900000,-0.858731
1561,2.718300,-17.879400,-3.407500
1562,6.694450,-12.782800,-7.404350
1563,8.686330,-11.845200,-5.761630
1564,7.277250,-15.568600,-4.793750
1565,2.935070,-16.079500,-6.364300
1566,3.088040,-13.747600,-8.184340
1567,2.734520,-14.904100,-7.429980
1568,4.764090,-13.801800,-7.927850
1569,6.062110,-17.812599,-0.550002
1570,9.900440,-13.849700,-2.234790
1571,9.270310,-15.074200,-2.830790
1572,9.660720,-13.477500,-3.723970
1573,8.116170,-14.539900,-5.194570
1574,8.296620,-15.359400,-4.046830
1575,5.588730,-17.300200,-3.736700
1576,5.747540,-15.285700,-6.218800
1577,5.857780,-13.654400,-7.568400
1578,8.862800,-13.097200,-5.244320
1579,7.629100,-13.702600,-6.298060
1580,8.135510,-16.341299,-2.701270
1581,9.138480,-14.369500,-4.152610
1582,4.402540,-17.208099,-4.496780
1583,4.265640,-17.907700,-2.685610
1584,5.862520,-17.635500,-2.492670
1585,6.485620,-16.595501,-4.150490
1586,6.932780,-14.879300,-5.857080
1587,5.308780,-14.585900,-7.155800
1588,4.332140,-15.615100,-6.578860
1589,7.493040,-16.145000,-3.854190
1590,3.895550,-16.600300,-5.652670
1591,7.195500,-17.225599,-2.101350
1592,5.505090,-16.747101,-4.669010
1593,6.136530,-15.924900,-5.250620
1594,6.299740,-17.192499,-3.439050
1595,6.446280,-14.186500,-6.820550
1596,5.003470,-16.344999,-5.474900
1597,6.988540,-16.931400,-3.189640
