0,1068,1646,1577
1,1057,908,938
2,420,1175,237
3,1054,1100,1041
4,237,1058,1125
5,1253,29,1260
6,1064,1070,0
7,1036,1129,1119
8,1569,2380,1584
9,2433,2501,2472
10,1631,1653,1645
11,1143,1165,668
12,1201,1439,304
13,1070,1089,0
14,1554,1569,1583
15,1183,1173,403
16,64,431,11
17,1031,1084,573
18,1788,2206,2222
19,1153,1117,1183
20,1140,1085,1153
21,98,1116,341
22,403,1173,418
23,488,1999,1997
24,1117,1173,1183
25,1195,402,135
26,1494,716,1489
27,1803,401,1206
28,2271,1397,890
29,1099,1001,803
30,1595,1594,2380
31,207,419,1206
32,401,207,1206
33,1454,1934,1924
34,1175,1058,237
35,1149,1039,347
36,1956,1536,2050
37,1123,1188,938
38,1803,1206,1822
39,1380,1299,1108
40,382,383,1181
41,1084,1085,1140
42,1039,1045,131
43,219,1494,1187
44,419,260,1206
45,260,419,1064
46,1054,1132,1100
47,1053,420,402
48,181,1108,1
49,1180,1206,319
50,544,1569,1560
51,34,341,431
52,1023,573,1140
53,431,341,11
54,1488,1080,1546
55,1180,319,1804
56,1515,1682,1506
57,356,1116,1046
58,1560,1569,1554
59,1089,1195,1205
60,1046,1202,1050
61,1164,201,1120
62,1098,340,300
63,1173,239,418
64,921,920,832
65,1120,1079,384
66,814,20,1182
67,34,98,341
68,1082,397,261
69,105,93,1316
70,93,291,1316
71,291,94,1316
72,939,1038,1032
73,1299,1305,432
74,20,211,470
75,1119,1130,1036
76,832,920,687
77,1116,356,341
78,105,270,93
79,385,226,1374
80,1129,1043,1052
81,418,239,218
82,1254,1243,31
83,1556,1080,1488
84,2061,2119,2108
85,2033,2109,429
86,22,314,1110
87,290,93,270
88,290,291,93
89,49,385,94
90,963,733,664
91,1615,1584,1610
92,444,1083,401
93,573,1084,1140
94,1653,340,1652
95,219,1187,1639
96,341,68,11
97,416,260,327
98,291,49,94
99,203,226,385
100,49,203,385
101,1275,1470,1310
102,1205,1195,135
103,1032,1054,1041
104,1036,1043,1129
105,1179,319,416
106,1120,201,1079
107,324,202,270
108,290,75,291
109,291,236,49
110,2158,1695,1766
111,582,928,849
112,1583,1584,1615
113,1494,1489,1187
114,1556,1488,1659
115,1077,1068,1493
116,1971,1991,1970
117,182,1225,1999
118,324,428,202
119,291,75,236
120,1151,226,1142
121,1487,1411,1488
122,1637,1645,1652
123,1946,1868,2467
124,202,305,290
125,305,75,290
126,236,247,49
127,203,1142,226
128,2394,13,428
129,1501,880,2499
130,0,1089,201
131,1651,1652,1098
132,2116,1862,2495
133,49,247,203
134,159,791,993
135,883,887,856
136,543,2116,2495
137,1089,1205,201
138,2462,878,2491
139,428,305,202
140,497,187,417
141,864,883,856
142,993,997,1013
143,883,896,887
144,1794,947,1801
145,207,1034,1070
146,1064,0,1065
147,376,434,1376
148,303,428,13
149,303,305,428
150,72,59,73
151,247,591,203
152,845,2263,828
153,896,911,905
154,1003,990,991
155,1421,1420,1232
156,979,9,302
157,1057,921,908
158,2435,2448,2417
159,393,434,376
160,434,474,445
161,474,473,445
162,335,336,360
163,337,234,371
164,623,147,128
165,811,305,595
166,1725,991,1018
167,944,1513,1510
168,1068,1626,1627
169,1811,1822,1180
170,1164,1120,168
171,446,474,434
172,2486,2457,900
173,41,58,45
174,400,6,186
175,1009,969,796
176,1512,219,1639
177,2473,2490,2461
178,593,306,1013
179,397,1512,1639
180,306,593,1025
181,544,2380,1569
182,402,420,237
183,444,401,126
184,1610,1630,1615
185,1804,1179,1147
186,393,446,434
187,2340,2412,2375
188,74,73,59
189,540,46,41
190,46,58,41
191,540,41,27
192,916,930,1102
193,896,905,882
194,2483,2067,778
195,887,882,856
196,260,1064,327
197,362,1306,348
198,376,362,393
199,443,746,463
200,322,337,361
201,91,115,73
202,591,633,96
203,981,1026,1003
204,1019,981,1003
205,1083,1053,1034
206,207,401,1083
207,420,1118,1175
208,1206,1180,1822
209,1178,1186,1159
210,262,295,1342
211,1297,295,1306
212,1306,295,348
213,404,362,348
214,404,393,362
215,404,446,393
216,361,371,383
217,337,371,361
218,982,1003,986
219,121,133,138
220,414,439,413
221,74,91,73
222,225,185,245
223,795,786,699
224,1118,1058,1175
225,121,113,90
226,623,128,115
227,640,557,630
228,1310,1317,1486
229,99,1161,1169
230,1652,340,1098
231,1315,1982,272
232,262,276,295
233,295,357,348
234,435,446,404
235,108,553,569
236,503,1384,2500
237,114,121,90
238,2067,2459,778
239,42,776,162
240,377,404,348
241,357,377,348
242,447,446,435
243,447,475,446
244,77,76,107
245,74,59,46
246,1763,2480,1794
247,716,713,1511
248,1489,716,1500
249,237,1125,167
250,1877,1865,825
251,2024,2359,2366
252,250,277,262
253,277,276,262
254,276,317,295
255,295,317,357
256,317,349,357
257,377,435,404
258,383,371,1181
259,453,439,414
260,986,1003,991
261,492,475,447
262,322,787,337
263,402,237,135
264,1564,1502,1473
265,296,276,277
266,296,317,276
267,357,349,377
268,377,387,435
269,475,492,499
270,72,104,59
271,322,336,311
272,952,1572,2357
273,141,160,118
274,453,442,439
275,1861,1870,1404
276,296,318,317
277,559,46,540
278,169,1322,110
279,356,1046,1049
280,1118,97,1058
281,1837,1876,1899
282,2358,229,250
283,349,363,377
284,448,447,435
285,448,492,447
286,184,185,225
287,442,468,478
288,873,164,2479
289,462,443,463
290,63,104,90
291,1181,439,1128
292,1957,1650,2501
293,1237,2033,190
294,250,278,277
295,277,278,296
296,363,387,377
297,482,492,448
298,133,147,138
299,243,267,258
300,909,941,929
301,104,114,90
302,23,29,17
303,1131,486,1058
304,1868,1946,2020
305,2496,2493,2462
306,2358,2384,229
307,229,279,250
308,250,279,278
309,278,307,296
310,296,307,318
311,318,363,317
312,363,349,317
313,387,394,435
314,435,394,448
315,492,471,499
316,121,128,133
317,124,141,123
318,372,399,392
319,23,556,29
320,2263,2277,2250
321,1260,29,1268
322,1729,1861,1876
323,251,279,229
324,342,363,318
325,363,342,387
326,62,63,90
327,398,392,415
328,415,443,462
329,161,188,141
330,767,372,325
331,188,660,176
332,188,198,660
333,846,886,863
334,532,746,443
335,1743,1021,1417
336,1169,523,728
337,120,1341,127
338,1235,1243,25
339,279,280,278
340,280,307,278
341,342,318,307
342,342,364,387
343,387,364,394
344,364,405,394
345,405,448,394
346,482,476,492
347,476,490,471
348,492,476,471
349,77,108,76
350,165,173,195
351,480,149,813
352,62,58,63
353,325,372,392
354,642,259,42
355,229,252,251
356,448,440,482
357,440,476,482
358,414,415,462
359,225,245,244
360,463,469,453
361,322,361,336
362,51,36,1282
363,252,280,251
364,280,279,251
365,308,307,280
366,329,342,307
367,365,364,342
368,440,448,405
369,463,813,14
370,882,905,886
371,336,361,370
372,478,497,289
373,246,745,1002
374,24,36,556
375,639,929,668
376,2485,2498,2458
377,308,329,307
378,342,329,365
379,440,436,476
380,289,497,417
381,123,118,107
382,76,123,107
383,588,124,108
384,569,588,108
385,124,161,141
386,1044,432,1033
387,1206,260,319
388,2003,2473,2494
389,1214,1227,2284
390,364,395,405
391,395,421,405
392,421,436,440
393,405,421,440
394,58,46,59
395,50,77,65
396,360,370,382
397,195,214,213
398,462,453,414
399,26,40,534
400,52,1282,36
401,83,1298,1282
402,1804,319,1179
403,253,252,221
404,253,280,252
405,308,365,329
406,395,364,365
407,455,476,436
408,483,490,476
409,2479,2484,2492
410,417,187,186
411,52,84,1282
412,84,83,1282
413,419,1070,1064
414,263,280,253
415,297,308,280
416,367,365,366
417,367,395,365
418,1638,1563,1138
419,559,47,46
420,81,470,211
421,24,37,36
422,201,1205,1079
423,263,297,280
424,297,330,308
425,308,330,365
426,330,366,365
427,395,367,421
428,421,455,436
429,490,1191,312
430,1698,2063,1709
431,461,442,478
432,370,361,383
433,2501,2475,2463
434,370,383,382
435,20,731,211
436,1570,1628,1626
437,37,38,52
438,36,37,52
439,38,84,52
440,1172,1183,403
441,1005,2141,1673
442,200,254,253
443,254,263,253
444,367,406,421
445,449,455,421
446,449,483,455
447,455,483,476
448,313,1191,490
449,2026,2500,2488
450,2474,2470,2487
451,550,491,731
452,463,480,813
453,1080,1493,1546
454,200,230,254
455,406,449,421
456,483,493,490
457,493,326,490
458,326,313,490
459,875,796,994
460,846,855,828
461,124,142,161
462,133,128,147
463,1563,1570,1626
464,416,319,260
465,327,1064,1065
466,169,155,200
467,155,230,200
468,230,281,254
469,281,263,254
470,449,484,483
471,483,484,493
472,2462,2485,2478
473,158,184,166
474,491,67,211
475,731,491,211
476,67,81,211
477,1310,1470,1295
478,100,155,110
479,331,263,281
480,331,297,263
481,331,330,297
482,330,331,366
483,406,422,449
484,449,422,484
485,803,1001,1442
486,2483,778,945
487,688,442,461
488,439,688,1128
489,165,166,173
490,37,30,38
491,111,144,100
492,100,144,155
493,155,255,230
494,331,422,367
495,366,331,367
496,367,422,406
497,945,778,919
498,1431,1260,1448
499,460,477,452
500,463,14,469
501,30,53,38
502,38,53,84
503,85,100,84
504,144,209,155
505,281,282,331
506,282,368,331
507,368,422,331
508,422,407,484
509,853,875,964
510,77,107,65
511,439,442,688
512,373,2464,960
513,928,518,978
514,53,85,84
515,155,240,255
516,255,281,230
517,255,282,281
518,388,422,368
519,388,407,422
520,407,456,484
521,456,48,484
522,484,48,493
523,493,134,326
524,174,82,313
525,1166,1139,1482
526,195,173,214
527,696,15,67
528,1037,81,15
529,139,116,140
530,1653,1652,1645
531,1233,53,30
532,85,111,100
533,209,240,155
534,922,916,910
535,696,33,15
536,144,192,209
537,255,264,282
538,264,309,282
539,282,309,368
540,309,343,368
541,343,369,368
542,369,388,368
543,408,407,388
544,408,465,407
545,465,456,407
546,465,48,456
547,48,134,493
548,173,224,214
549,1013,765,601
550,825,2219,2214
551,1077,1493,1080
552,1272,69,85
553,119,111,85
554,145,144,111
555,145,192,144
556,264,255,240
557,222,264,240
558,485,48,465
559,174,326,134
560,104,121,114
561,479,14,680
562,224,233,214
563,730,33,696
564,85,53,1272
565,69,119,85
566,192,240,209
567,298,309,264
568,309,332,343
569,343,350,369
570,423,465,408
571,134,48,174
572,213,214,233
573,47,74,46
574,33,8,1037
575,15,33,1037
576,202,290,270
577,8,557,753
578,1194,396,1119
579,119,145,111
580,145,193,192
581,265,264,222
582,265,298,264
583,298,332,309
584,332,350,343
585,381,382,391
586,398,415,414
587,265,332,298
588,350,351,369
589,423,485,465
590,486,174,48
591,6,116,186
592,1181,413,439
593,40,41,45
594,289,288,496
595,2501,2463,2472
596,371,398,413
597,1569,1584,1583
598,1065,0,1164
599,0,201,1164
600,119,69,101
601,156,145,119
602,193,222,192
603,222,240,192
604,351,378,369
605,369,378,388
606,409,408,388
607,2477,1408,1957
608,805,944,1001
609,156,193,145
610,266,265,222
611,266,332,265
612,378,409,388
613,409,437,408
614,437,423,408
615,189,204,142
616,336,370,360
617,2214,829,825
618,1630,1645,1637
619,101,156,119
620,156,194,193
621,194,222,193
622,194,210,222
623,222,210,266
624,266,299,332
625,299,333,350
626,332,299,350
627,350,333,351
628,409,410,437
629,437,485,423
630,486,48,485
631,874,593,988
632,107,580,65
633,224,244,243
634,311,335,334
635,150,753,106
636,273,1385,299
637,351,333,378
638,922,1728,1095
639,243,244,267
640,462,463,453
641,413,398,414
642,14,479,469
643,1646,1068,1077
644,908,921,832
645,386,416,327
646,132,156,101
647,1313,132,101
648,132,194,156
649,1147,1178,1159
650,1045,1166,181
651,378,410,409
652,791,338,228
653,390,6,667
654,184,225,173
655,460,289,496
656,2026,503,2500
657,1195,1053,402
658,727,1018,751
659,2458,2482,2460
660,1290,1263,54
661,132,1355,194
662,194,1355,210
663,411,437,410
664,3,485,437
665,457,3,437
666,3,486,485
667,1719,1571,1770
668,244,274,267
669,1868,2020,2058
670,234,398,371
671,63,59,104
672,835,2491,878
673,1314,132,1313
674,1330,1381,1355
675,1309,925,1127
676,6,1120,116
677,118,160,610
678,379,378,333
679,378,379,410
680,466,3,457
681,494,486,3
682,494,1125,486
683,415,399,532
684,478,468,497
685,73,115,72
686,477,460,496
687,392,399,415
688,60,1290,54
689,504,1998,2473
690,1998,2490,2473
691,198,188,35
692,1163,1164,168
693,1178,386,248
694,389,410,379
695,410,389,411
696,457,437,411
697,494,167,1125
698,479,468,469
699,115,121,104
700,417,186,139
701,184,173,166
702,165,147,166
703,469,468,442
704,39,54,31
705,60,70,1290
706,70,102,1290
707,1183,1172,1153
708,633,513,96
709,424,457,411
710,916,922,930
711,2471,2488,852
712,753,640,566
713,43,566,1162
714,453,469,442
715,39,31,1248
716,32,39,1248
717,55,54,39
718,55,60,54
719,450,1264,438
720,1179,416,1178
721,1098,300,1076
722,1188,1057,938
723,1058,220,1131
724,597,1073,1074
725,411,425,424
726,649,185,184
727,233,243,258
728,225,244,224
729,1032,1041,1029
730,2491,835,246
731,6,168,1120
732,1461,1321,1481
733,424,466,457
734,495,3,466
735,1750,2467,2479
736,289,417,139
737,325,788,761
738,141,176,160
739,164,1750,2479
740,86,102,70
741,102,86,103
742,1179,1178,1147
743,416,386,1178
744,2080,2059,2030
745,1153,1172,1140
746,180,130,196
747,441,424,425
748,613,143,142
749,875,1009,796
750,39,44,55
751,55,44,60
752,86,70,60
753,1562,1436,1589
754,1120,384,116
755,1147,1159,1136
756,1448,1458,1438
757,1027,2461,928
758,441,458,424
759,458,466,424
760,167,494,3
761,495,167,3
762,1762,1402,1443
763,139,186,116
764,243,233,224
765,245,739,268
766,371,413,1181
767,39,546,44
768,44,61,60
769,61,86,60
770,86,87,103
771,1083,516,1053
772,386,327,1063
773,2466,2496,2484
774,285,1362,301
775,204,188,161
776,289,139,288
777,213,233,223
778,392,398,808
779,314,1130,396
780,301,320,352
781,1163,168,390
782,426,458,441
783,216,495,466
784,216,167,495
785,977,968,2073
786,360,382,381
787,268,275,244
788,1439,10,304
789,61,87,86
790,327,1065,1063
791,1065,1164,1163
792,241,286,301
793,1362,241,301
794,286,320,301
795,1178,248,1186
796,982,1019,1003
797,463,746,480
798,787,322,275
799,268,244,245
800,87,88,1324
801,170,171,241
802,359,352,320
803,359,1353,352
804,1056,1063,1163
805,2183,2187,2182
806,459,458,450
807,459,466,458
808,148,167,216
809,148,135,167
810,115,128,121
811,108,123,76
812,158,166,147
813,27,41,40
814,56,87,61
815,44,56,61
816,1335,1324,88
817,88,71,1335
818,146,171,170
819,171,257,241
820,257,256,241
821,256,286,241
822,256,320,286
823,344,359,320
824,359,380,1353
825,1068,937,1654
826,386,472,248
827,269,216,466
828,129,135,148
829,850,846,828
830,982,986,974
831,188,176,141
832,87,71,88
833,183,257,171
834,256,287,320
835,1264,450,458
836,269,148,216
837,225,224,173
838,26,27,40
839,108,124,123
840,546,56,44
841,56,57,87
842,87,57,71
843,2475,2483,2457
844,146,183,171
845,183,212,257
846,257,242,256
847,242,287,256
848,344,320,287
849,390,168,6
850,467,459,450
851,467,487,459
852,269,466,459
853,487,269,459
854,1205,135,129
855,480,792,149
856,142,204,161
857,141,118,123
858,57,89,71
859,89,127,71
860,146,172,183
861,172,212,183
862,212,232,257
863,257,232,242
864,353,359,344
865,353,380,359
866,1025,990,306
867,267,311,258
868,1205,129,1079
869,115,104,72
870,138,147,165
871,274,311,267
872,187,400,186
873,2478,2458,2460
874,57,62,89
875,1063,1065,1163
876,1063,472,386
877,287,310,344
878,310,353,344
879,995,993,306
880,451,467,438
881,451,477,467
882,477,487,467
883,140,129,148
884,1563,1638,1562
885,546,40,56
886,2080,2106,2059
887,381,380,353
888,496,269,487
889,288,148,269
890,288,140,148
891,113,121,138
892,58,59,63
893,274,322,311
894,400,667,6
895,40,45,56
896,56,45,57
897,1458,1344,1268
898,1341,120,157
899,165,172,157
900,212,223,232
901,232,258,242
902,242,321,287
903,321,310,287
904,452,477,451
905,496,288,269
906,911,910,905
907,275,322,274
908,275,274,244
909,45,62,57
910,89,120,127
911,172,213,212
912,212,213,223
913,258,321,242
914,335,310,321
915,335,353,310
916,360,381,353
917,1042,438,1289
918,496,487,477
919,384,129,140
920,384,1079,129
921,143,189,142
922,534,40,546
923,120,165,157
924,334,335,321
925,353,335,360
926,2003,2480,1763
927,697,438,1042
928,288,139,140
929,922,1095,930
930,649,184,158
931,45,58,62
932,62,90,89
933,89,113,120
934,120,138,165
935,172,195,213
936,258,334,321
937,2477,2501,2433
938,311,336,335
939,89,90,113
940,113,138,120
941,165,195,172
942,223,233,232
943,233,258,232
944,258,311,334
945,1123,915,1188
946,541,540,529
947,461,478,289
948,268,782,275
949,812,566,640
950,275,782,787
951,81,1037,1332
952,815,700,702
953,671,136,602
954,624,634,623
955,2456,2438,1972
956,766,532,528
957,2467,1868,2479
958,661,189,638
959,710,719,718
960,629,638,613
961,160,653,637
962,780,990,981
963,1226,30,515
964,647,638,629
965,629,613,589
966,2097,543,1898
967,577,578,585
968,696,491,550
969,528,532,399
970,868,858,869
971,1731,923,913
972,1003,1026,990
973,800,590,602
974,635,675,650
975,875,948,964
976,2206,1788,1858
977,75,738,236
978,187,680,14
979,577,603,598
980,796,615,994
981,509,2034,1364
982,75,811,616
983,616,738,75
984,1467,92,1764
985,595,545,811
986,1456,1304,1476
987,759,196,149
988,670,772,764
989,585,608,603
990,590,699,631
991,475,2311,473
992,2083,2026,2488
993,581,589,570
994,1554,2448,1995
995,673,545,595
996,811,654,616
997,160,176,660
998,598,603,635
999,699,786,575
1000,775,674,571
1001,775,673,674
1002,616,633,738
1003,590,631,648
1004,611,545,673
1005,616,654,633
1006,727,751,705
1007,570,2310,2304
1008,774,673,775
1009,774,611,673
1010,611,627,545
1011,545,627,811
1012,811,627,654
1013,619,629,614
1014,619,647,629
1015,666,652,645
1016,809,781,784
1017,149,196,813
1018,533,1516,1999
1019,701,571,2377
1020,747,775,571
1021,654,612,633
1022,910,916,904
1023,647,678,661
1024,726,770,712
1025,749,806,798
1026,638,189,143
1027,661,678,199
1028,701,747,571
1029,774,775,747
1030,627,717,654
1031,625,657,644
1032,790,777,789
1033,611,810,627
1034,612,513,633
1035,1379,1755,1672
1036,569,589,613
1037,719,740,718
1038,1073,794,834
1039,613,638,143
1040,611,774,810
1041,717,734,654
1042,654,734,612
1043,797,337,787
1044,635,651,675
1045,570,589,554
1046,527,729,686
1047,689,701,2311
1048,475,689,2311
1049,810,717,627
1050,720,777,726
1051,747,701,689
1052,734,685,612
1053,1516,2001,2126
1054,653,684,666
1055,568,587,605
1056,512,530,537
1057,537,548,547
1058,548,552,547
1059,549,587,548
1060,1902,868,869
1061,690,774,747
1062,690,599,774
1063,599,810,774
1064,810,562,717
1065,562,735,717
1066,717,735,734
1067,735,646,734
1068,734,646,685
1069,685,744,612
1070,744,513,612
1071,568,605,604
1072,653,666,637
1073,850,856,846
1074,587,568,548
1075,689,690,747
1076,679,513,744
1077,2126,2001,2093
1078,746,700,480
1079,399,372,528
1080,599,535,810
1081,535,562,810
1082,1305,226,1151
1083,521,23,17
1084,522,23,521
1085,864,856,850
1086,2030,2059,1539
1087,766,700,746
1088,617,651,608
1089,651,635,608
1090,572,21,709
1091,641,698,729
1092,1521,1517,2475
1093,499,628,690
1094,689,499,690
1095,690,628,599
1096,779,643,640
1097,578,577,560
1098,130,667,196
1099,196,667,813
1100,788,808,797
1101,621,759,149
1102,620,562,535
1103,672,744,685
1104,672,817,744
1105,817,679,744
1106,679,95,513
1107,2494,2461,1027
1108,1027,582,574
1109,662,793,663
1110,628,760,599
1111,760,756,599
1112,599,756,535
1113,620,695,562
1114,754,735,562
1115,695,754,562
1116,632,735,754
1117,632,646,735
1118,622,685,646
1119,632,622,646
1120,685,622,672
1121,818,679,817
1122,679,818,95
1123,1728,1676,1095
1124,2481,1898,2470
1125,536,535,756
1126,535,536,620
1127,672,818,817
1128,2427,221,229
1129,24,23,522
1130,24,556,23
1131,37,24,18
1132,709,21,271
1133,662,758,793
1134,1119,877,1194
1135,536,695,620
1136,695,632,754
1137,821,2214,2219
1138,96,95,1052
1139,749,783,742
1140,886,904,863
1141,767,783,372
1142,511,512,547
1143,572,663,21
1144,695,714,632
1145,672,520,818
1146,2453,2452,2444
1147,882,886,846
1148,305,811,75
1149,641,527,758
1150,797,808,234
1151,993,791,997
1152,586,625,585
1153,1899,1917,1936
1154,644,651,617
1155,536,785,695
1156,520,592,818
1157,514,18,522
1158,740,748,718
1159,788,325,808
1160,538,580,549
1161,656,776,722
1162,683,712,659
1163,691,711,719
1164,651,665,691
1165,506,760,628
1166,471,506,628
1167,506,756,760
1168,622,632,672
1169,723,520,672
1170,514,515,18
1171,303,674,673
1172,177,777,720
1173,946,1446,2357
1174,625,644,617
1175,585,625,617
1176,783,767,741
1177,752,536,756
1178,536,752,785
1179,723,980,520
1180,520,980,592
1181,978,558,849
1182,636,659,676
1183,786,630,575
1184,140,116,384
1185,808,398,234
1186,640,753,557
1187,541,552,560
1188,741,767,761
1189,443,415,532
1190,527,686,795
1191,812,597,565
1192,1489,1500,1556
1193,752,756,506
1194,785,714,695
1195,632,723,672
1196,2089,2061,2108
1197,645,652,659
1198,659,693,682
1199,676,659,682
1200,1871,838,837
1201,1223,17,29
1202,325,392,808
1203,798,528,372
1204,312,506,471
1205,714,773,632
1206,973,698,840
1207,702,819,815
1208,691,710,675
1209,1013,354,765
1210,874,751,1018
1211,626,645,659
1212,710,691,719
1213,651,691,675
1214,798,372,783
1215,812,565,566
1216,2461,2481,2474
1217,763,643,779
1218,1478,1923,1915
1219,752,737,785
1220,737,606,785
1221,785,606,714
1222,714,523,773
1223,632,773,723
1224,558,978,671
1225,757,797,782
1226,682,693,704
1227,819,702,561
1228,763,686,643
1229,743,742,724
1230,312,752,506
1231,606,523,714
1232,663,800,21
1233,645,626,609
1234,799,819,561
1235,749,768,806
1236,766,746,532
1237,577,585,603
1238,861,592,980
1239,687,2381,1082
1240,305,303,673
1241,737,583,606
1242,167,135,237
1243,772,551,764
1244,2472,2463,2457
1245,772,792,551
1246,625,618,657
1247,1006,1138,1012
1248,561,528,798
1249,743,749,742
1250,658,682,692
1251,676,682,658
1252,312,736,752
1253,752,736,737
1254,606,728,523
1255,26,517,27
1256,552,568,579
1257,656,162,776
1258,579,568,604
1259,788,797,757
1260,768,561,806
1261,819,670,815
1262,637,645,610
1263,1073,597,643
1264,749,798,783
1265,1930,906,897
1266,2482,2486,2460
1267,736,583,737
1268,1438,1437,1430
1269,2097,1212,543
1270,47,577,74
1271,795,630,786
1272,814,731,20
1273,580,587,549
1274,624,635,650
1275,777,1010,809
1276,692,704,724
1277,692,682,704
1278,235,1920,1965
1279,583,728,606
1280,2236,1865,2226
1281,529,540,27
1282,236,738,247
1283,511,529,27
1284,726,777,770
1285,683,726,712
1286,2236,2219,825
1287,541,560,559
1288,527,795,699
1289,807,784,670
1290,738,591,247
1291,894,904,895
1292,739,245,185
1293,271,136,978
1294,769,768,743
1295,711,741,719
1296,1212,2025,543
1297,1887,1234,2437
1298,554,553,2310
1299,736,312,1191
1300,1584,1611,1610
1301,694,720,684
1302,517,16,27
1303,768,769,561
1304,718,748,739
1305,647,668,678
1306,772,656,722
1307,605,636,618
1308,2071,2061,2041
1309,605,618,625
1310,548,568,552
1311,160,637,610
1312,909,916,941
1313,916,1102,941
1314,990,1025,991
1315,978,136,671
1316,784,162,656
1317,709,2487,2471
1318,610,580,118
1319,807,670,819
1320,1819,1899,1869
1321,758,699,590
1322,636,676,618
1323,2493,2489,2462
1324,670,764,815
1325,686,763,779
1326,1018,991,1025
1327,1725,1718,986
1328,712,770,693
1329,50,2354,77
1330,509,525,524
1331,524,525,1248
1332,525,32,1248
1333,2310,553,2334
1334,826,847,839
1335,602,590,648
1336,757,268,739
1337,1594,1611,1585
1338,1693,1047,1698
1339,681,739,185
1340,21,800,602
1341,554,569,553
1342,1052,109,96
1343,614,581,600
1344,813,667,187
1345,724,704,743
1346,527,699,758
1347,639,647,619
1348,702,700,561
1349,885,891,581
1350,630,730,575
1351,1086,1834,1746
1352,881,863,894
1353,955,949,1102
1354,1501,2499,2469
1355,204,189,199
1356,814,877,615
1357,615,877,994
1358,1182,877,814
1359,1600,1826,880
1360,526,534,525
1361,2183,2182,2174
1362,1141,1124,1132
1363,234,337,797
1364,159,338,791
1365,598,91,74
1366,597,1115,565
1367,630,557,730
1368,770,769,743
1369,729,527,641
1370,840,698,641
1371,667,400,187
1372,509,526,525
1373,748,757,739
1374,705,720,694
1375,693,725,704
1376,693,743,725
1377,905,910,904
1378,660,694,160
1379,707,814,615
1380,534,546,32
1381,793,758,590
1382,777,807,789
1383,268,757,782
1384,770,743,693
1385,799,807,819
1386,570,885,581
1387,853,947,1009
1388,905,904,886
1389,624,650,634
1390,1999,1225,533
1391,2139,1503,2015
1392,600,619,614
1393,619,600,639
1394,647,639,668
1395,697,451,438
1396,670,784,656
1397,1560,2355,544
1398,684,652,666
1399,684,726,683
1400,567,615,796
1401,707,731,814
1402,92,228,338
1403,864,850,838
1404,941,1102,949
1405,588,613,124
1406,605,609,626
1407,950,833,872
1408,91,598,624
1409,1877,829,1901
1410,2481,2097,1898
1411,567,707,615
1412,707,550,731
1413,2433,2486,2482
1414,159,963,664
1415,2315,2390,2308
1416,761,757,748
1417,569,613,588
1418,887,896,882
1419,1999,1516,1387
1420,684,720,726
1421,587,609,605
1422,652,684,683
1423,650,649,634
1424,759,1150,5
1425,792,621,149
1426,650,675,649
1427,743,768,749
1428,540,541,559
1429,475,499,689
1430,472,1063,1056
1431,560,577,559
1432,635,624,598
1433,875,994,948
1434,828,855,845
1435,681,703,739
1436,790,789,769
1437,2465,2499,2459
1438,578,586,585
1439,1351,1207,1094
1440,1683,1478,1915
1441,603,608,635
1442,750,720,705
1443,809,607,781
1444,671,602,648
1445,474,446,475
1446,793,590,800
1447,681,185,649
1448,807,799,789
1449,643,597,812
1450,703,718,739
1451,1010,607,809
1452,1191,583,736
1453,686,779,795
1454,2336,473,2311
1455,637,666,645
1456,705,1185,727
1457,732,574,567
1458,594,550,707
1459,594,539,550
1460,1307,500,1851
1461,664,338,159
1462,526,2446,534
1463,557,8,730
1464,722,792,772
1465,659,712,693
1466,692,724,665
1467,561,766,528
1468,549,537,530
1469,2266,2286,2232
1470,995,963,159
1471,2067,2469,2465
1472,703,710,718
1473,740,761,748
1474,604,605,625
1475,547,541,529
1476,994,877,708
1477,1897,1683,1915
1478,777,790,770
1479,781,162,784
1480,788,757,761
1481,856,882,846
1482,732,969,1027
1483,837,828,824
1484,2446,510,534
1485,21,602,136
1486,704,725,743
1487,604,586,579
1488,511,547,529
1489,742,783,741
1490,789,799,769
1491,777,809,807
1492,1013,997,354
1493,707,567,594
1494,655,696,550
1495,539,655,550
1496,142,124,613
1497,999,1019,982
1498,777,177,1010
1499,675,703,681
1500,636,626,659
1501,605,626,636
1502,700,551,480
1503,807,809,784
1504,589,569,554
1505,715,594,567
1506,2354,2334,553
1507,911,1728,910
1508,1075,1455,1545
1509,696,67,491
1510,675,710,703
1511,838,850,837
1512,1027,574,732
1513,1019,843,981
1514,715,567,574
1515,843,780,981
1516,1237,2155,2033
1517,552,579,560
1518,579,578,560
1519,451,460,452
1520,559,577,47
1521,563,539,594
1522,631,655,539
1523,563,631,539
1524,74,577,598
1525,517,26,534
1526,510,517,534
1527,782,797,787
1528,641,758,662
1529,719,741,740
1530,604,625,586
1531,579,586,578
1532,724,711,665
1533,561,700,766
1534,1728,922,910
1535,711,742,741
1536,618,676,657
1537,160,694,653
1538,769,799,561
1539,2083,2488,2471
1540,574,558,715
1541,715,563,594
1542,653,694,684
1543,842,854,2063
1544,33,730,8
1545,526,509,1972
1546,722,621,792
1547,991,1725,986
1548,692,665,651
1549,2471,852,572
1550,623,158,147
1551,670,656,772
1552,680,187,497
1553,796,969,732
1554,564,655,631
1555,564,696,655
1556,564,730,696
1557,1948,950,919
1558,84,110,83
1559,661,199,189
1560,43,323,753
1561,32,546,39
1562,657,692,651
1563,657,651,644
1564,663,793,800
1565,665,711,691
1566,638,647,661
1567,610,645,609
1568,849,558,574
1569,1446,2489,1105
1570,1971,1954,1934
1571,581,614,589
1572,65,580,538
1573,779,640,630
1574,795,779,630
1575,1048,1191,82
1576,1347,12,1518
1577,798,806,561
1578,580,610,587
1579,686,794,643
1580,662,7,641
1581,1935,1971,1934
1582,649,675,681
1583,614,629,589
1584,729,794,686
1585,741,761,740
1586,547,552,541
1587,1047,1691,1073
1588,657,658,692
1589,36,51,29
1590,610,609,587
1591,648,631,563
1592,564,575,730
1593,2137,921,1057
1594,1203,853,964
1595,724,742,711
1596,643,812,640
1597,659,652,683
1598,770,790,769
1599,643,794,1073
1600,468,479,680
1601,558,671,563
1602,715,558,563
1603,671,648,563
1604,2160,1377,2170
1605,473,474,475
1606,815,764,700
1607,764,551,700
1608,512,537,547
1609,753,323,106
1610,608,585,617
1611,24,522,18
1612,676,658,657
1613,688,451,697
1614,1333,1114,1352
1615,699,564,631
1616,699,575,564
1617,480,551,792
1618,762,900,2457
1619,549,548,537
1620,780,963,995
1621,1595,1633,1594
1622,197,915,1123
1623,197,1123,340
1624,841,972,1024
1625,841,1024,835
1626,1008,1023,933
1627,572,709,2471
1628,1099,970,1001
1629,1500,1080,1556
1630,1224,1218,954
1631,412,2137,283
1632,954,1629,521
1633,340,1123,300
1634,2332,2375,2349
1635,1106,217,283
1636,397,924,1512
1637,1512,1441,1494
1638,1934,1454,1743
1639,1722,1934,1743
1640,824,1871,837
1641,1494,1441,1495
1642,962,1023,1008
1643,1510,1513,965
1644,1774,1728,911
1645,687,261,1066
1646,713,1006,1511
1647,918,1731,913
1648,2318,2330,2303
1649,2399,2406,2390
1650,1673,2163,1779
1651,842,926,898
1652,1659,987,1187
1653,1066,261,1639
1654,1380,1108,1482
1655,1436,1380,1482
1656,2494,1009,947
1657,1513,1288,1312
1658,898,373,960
1659,1437,1429,1421
1660,1633,1094,1631
1661,2486,972,2460
1662,1002,498,873
1663,848,847,826
1664,1429,1461,1452
1665,2495,2083,2470
1666,908,9,979
1667,729,926,834
1668,2030,1539,1535
1669,830,848,2177
1670,880,833,950
1671,1840,1721,1802
1672,1004,669,1019
1673,1020,669,1004
1674,1868,2058,2466
1675,902,901,1938
1676,2475,2501,1650
1677,852,7,572
1678,1849,830,2177
1679,933,745,246
1680,933,64,745
1681,300,284,1076
1682,967,943,976
1683,969,2494,1027
1684,973,2464,373
1685,898,926,373
1686,1881,1897,1915
1687,1612,1633,1595
1688,908,832,1395
1689,2491,246,1002
1690,918,913,1930
1691,1458,1298,1457
1692,1633,1631,1632
1693,843,669,227
1694,2493,2496,2466
1695,900,972,2486
1696,227,1771,733
1697,1700,1708,1665
1698,962,573,1023
1699,846,863,855
1700,1729,1735,2238
1701,869,858,847
1702,2073,2110,2102
1703,1139,1589,1482
1704,926,729,973
1705,2102,977,2073
1706,755,1744,1717
1707,847,858,839
1708,1295,1481,1319
1709,2330,50,65
1710,1066,987,961
1711,1395,832,1444
1712,1000,1004,999
1713,900,1008,972
1714,1098,1076,816
1715,932,943,935
1716,951,957,1827
1717,987,1659,985
1718,832,1066,1444
1719,1066,1639,987
1720,217,412,283
1721,1842,179,346
1722,1845,1707,1797
1723,2468,2476,854
1724,1005,1020,1004
1725,380,381,249
1726,2368,827,530
1727,967,976,1000
1728,2459,1948,778
1729,1193,1440,1114
1730,1000,999,967
1731,755,677,1744
1732,962,1008,900
1733,2470,2083,2471
1734,840,641,7
1735,981,990,1026
1736,669,843,1019
1737,1288,1513,944
1738,868,903,889
1739,1160,1114,1638
1740,822,2177,848
1741,745,11,498
1742,262,427,2365
1743,1684,1074,1691
1744,1001,925,805
1745,1798,1754,215
1746,943,967,992
1747,942,943,992
1748,30,37,18
1749,530,827,549
1750,1500,1077,1080
1751,1920,1148,430
1752,935,942,931
1753,1659,1488,1411
1754,300,979,284
1755,902,917,901
1756,868,889,867
1757,889,902,866
1758,1002,745,498
1759,950,1948,2499
1760,989,840,852
1761,1594,1633,1610
1762,373,926,973
1763,835,1024,246
1764,1652,1651,1637
1765,1302,1544,1141
1766,1615,1630,1637
1767,1628,1545,1627
1768,935,931,912
1769,512,505,530
1770,867,889,866
1771,2329,2368,2352
1772,923,917,913
1773,906,913,903
1774,1257,1420,1266
1775,300,938,979
1776,1471,1481,1295
1777,867,866,858
1778,471,490,312
1779,271,518,2487
1780,1470,1471,1295
1781,1024,933,246
1782,1633,1632,1610
1783,2175,1846,2176
1784,1309,1288,805
1785,923,932,917
1786,1968,1967,901
1787,2106,2127,2117
1788,1427,1435,1286
1789,1138,1563,1616
1790,2377,571,2383
1791,852,840,7
1792,2500,960,2464
1793,1220,1239,1407
1794,1068,1577,1626
1795,1005,1004,1000
1796,1616,1563,1577
1797,827,538,549
1798,1790,2167,2159
1799,1828,1717,1738
1800,1967,1938,901
1801,755,1717,664
1802,1997,1999,1387
1803,2450,544,2355
1804,177,996,1010
1805,1274,324,1269
1806,1708,871,1665
1807,2175,1958,1846
1808,943,942,935
1809,2423,517,510
1810,1444,1066,961
1811,2006,951,1827
1812,2051,2060,2080
1813,827,2302,538
1814,834,1698,1047
1815,1708,1705,871
1816,884,573,962
1817,1317,1295,1319
1818,858,866,1901
1819,1451,1447,1420
1820,942,992,975
1821,992,999,982
1822,853,1009,875
1823,987,985,961
1824,2030,2051,2080
1825,923,1731,1827
1826,964,948,1059
1827,780,227,733
1828,1717,1764,664
1829,942,975,931
1830,1679,1793,1782
1831,1447,1470,1275
1832,1275,1266,1420
1833,1930,913,906
1834,990,780,995
1835,1275,1420,1447
1836,9,908,1395
1837,830,859,848
1838,1522,1761,1773
1839,923,1827,936
1840,306,993,1013
1841,945,962,900
1842,977,2102,976
1843,976,1005,1000
1844,1006,1160,1638
1845,1638,1293,1436
1846,884,1031,573
1847,1293,1380,1436
1848,732,567,796
1849,791,228,1111
1850,118,580,107
1851,842,834,926
1852,1888,859,830
1853,2210,2215,2203
1854,2399,2430,2421
1855,2102,1005,976
1856,839,1901,829
1857,826,839,829
1858,826,829,821
1859,1002,873,2491
1860,1431,1438,1430
1861,780,733,963
1862,1936,1935,1722
1863,917,912,901
1864,957,976,943
1865,1849,2177,2176
1866,1004,1019,999
1867,990,995,306
1868,1395,1444,339
1869,2178,1762,888
1870,938,908,979
1871,1827,957,936
1872,977,976,957
1873,1589,1570,1562
1874,778,1948,919
1875,1550,1361,1572
1876,2102,2141,1005
1877,919,884,962
1878,945,919,962
1879,1583,1615,1582
1880,1452,1471,1451
1881,1646,1616,1577
1882,1577,1563,1626
1883,1627,937,1068
1884,868,867,858
1885,992,982,975
1886,911,1761,1774
1887,751,750,705
1888,1627,1545,937
1889,843,227,780
1890,839,858,1901
1891,897,906,903
1892,1024,972,1008
1893,662,663,572
1894,762,945,900
1895,897,903,868
1896,2171,888,1762
1897,1127,925,970
1898,859,847,848
1899,903,902,889
1900,2485,2458,2478
1901,576,781,607
1902,932,935,917
1903,2176,1846,1850
1904,664,1764,338
1905,936,957,943
1906,893,980,723
1907,967,999,992
1908,2191,2194,2204
1909,1651,1098,816
1910,996,607,1010
1911,996,576,607
1912,576,162,781
1913,1111,997,791
1914,2176,1850,1849
1915,1256,1420,1257
1916,950,872,919
1917,821,829,2214
1918,1898,2495,2470
1919,1772,1667,1557
1920,903,913,902
1921,931,1670,912
1922,872,884,919
1923,1012,1616,1646
1924,872,1031,884
1925,893,861,980
1926,2468,854,960
1927,912,1670,1968
1928,2476,2063,854
1929,917,935,912
1930,859,869,847
1931,936,943,932
1932,1500,1012,1646
1933,823,177,750
1934,823,996,177
1935,823,576,996
1936,642,162,576
1937,862,855,881
1938,2127,2152,2133
1939,721,773,879
1940,721,893,773
1941,863,904,894
1942,849,574,582
1943,913,917,902
1944,923,936,932
1945,1500,716,1012
1946,1586,1323,927
1947,716,1511,1012
1948,601,576,823
1949,765,642,576
1950,893,708,861
1951,708,877,861
1952,975,974,931
1953,1323,1595,927
1954,879,523,1059
1955,2433,2458,2498
1956,1323,1612,1595
1957,751,823,750
1958,601,765,576
1959,1013,601,593
1960,1386,1225,2151
1961,2152,1386,2151
1962,668,929,949
1963,1709,1693,1698
1964,767,325,761
1965,581,891,600
1966,973,989,2464
1967,623,115,624
1968,834,794,729
1969,2457,2483,762
1970,988,601,823
1971,2063,2476,1709
1972,975,982,974
1973,948,721,879
1974,995,159,993
1975,2304,862,555
1976,555,862,885
1977,600,909,639
1978,2263,824,828
1979,988,823,751
1980,855,863,881
1981,1594,1585,2380
1982,1626,1628,1627
1983,2173,2179,2172
1984,2127,2133,2117
1985,136,271,21
1986,948,879,1059
1987,994,893,721
1988,893,994,708
1989,893,723,773
1990,885,894,891
1991,639,909,929
1992,870,869,859
1993,845,855,862
1994,1025,874,1018
1995,837,850,828
1996,1023,1170,933
1997,35,188,204
1998,862,881,885
1999,885,881,894
2000,874,1025,593
2001,51,1458,1268
2002,895,916,909
2003,1024,1008,933
2004,948,994,721
2005,2151,1225,1635
2006,894,895,891
2007,891,909,600
2008,941,949,929
2009,874,988,751
2010,593,601,988
2011,765,354,642
2012,354,259,642
2013,904,916,895
2014,964,1059,1161
2015,891,895,909
2016,1100,1051,1041
2017,1028,1030,833
2018,1100,1132,1117
2019,341,356,375
2020,515,514,2453
2021,1655,2493,2466
2022,1055,1302,1132
2023,1119,1129,861
2024,68,341,375
2025,1054,1055,1132
2026,498,68,164
2027,84,100,110
2028,1030,1031,833
2029,199,678,1165
2030,1030,1041,1031
2031,1170,64,933
2032,1821,1203,1176
2033,1095,955,1102
2034,513,95,96
2035,955,1144,1143
2036,1184,1165,1143
2037,1144,1184,1143
2038,1184,199,1165
2039,374,131,1040
2040,1152,1201,304
2041,31,1243,1248
2042,1095,1086,955
2043,553,77,2354
2044,1190,137,109
2045,64,34,431
2046,1086,1109,955
2047,1109,1145,955
2048,955,1145,1144
2049,1145,1155,1144
2050,1144,1155,1184
2051,949,955,1143
2052,2480,2494,947
2053,1155,1192,1184
2054,1049,1046,1050
2055,238,150,106
2056,1184,1192,35
2057,1746,1109,1086
2058,1133,1145,1109
2059,1145,1156,1155
2060,1155,1156,1192
2061,1040,1044,1033
2062,1396,1133,1109
2063,1156,1145,1133
2064,1156,1174,1192
2065,1192,198,35
2066,1089,1034,1195
2067,1455,1149,1050
2068,1174,198,1192
2069,1185,694,198
2070,1185,198,1174
2071,1174,1156,1133
2072,727,1185,1174
2073,196,759,5
2074,1129,592,861
2075,1166,1108,181
2076,1193,1114,1160
2077,2139,1927,1503
2078,920,921,2137
2079,1146,1133,1396
2080,1718,1146,1396
2081,1146,1174,1133
2082,1174,1146,727
2083,340,1653,1207
2084,753,150,8
2085,283,2137,1057
2086,1187,1556,1659
2087,1190,109,1052
2088,915,283,1188
2089,283,1057,1188
2090,2093,1464,2126
2091,1725,1018,1146
2092,1146,1018,727
2093,592,1129,95
2094,238,304,1037
2095,1035,1130,314
2096,396,1130,1119
2097,1052,95,1129
2098,2466,2484,1868
2099,516,1088,420
2100,833,1826,1028
2101,418,1046,1116
2102,1033,432,1305
2103,2238,1861,1729
2104,1452,1461,1471
2105,1407,1421,1398
2106,470,22,1110
2107,1204,1149,1455
2108,1204,1039,1149
2109,1130,1035,292
2110,292,1067,1043
2111,374,1040,137
2112,1204,1139,1045
2113,1039,1204,1045
2114,1139,1166,1045
2115,1103,1048,82
2116,1051,1084,1031
2117,1043,1067,1190
2118,1166,1482,1108
2119,207,1083,1034
2120,1039,131,374
2121,1833,19,2
2122,1049,1050,1069
2123,1132,1124,1173
2124,10,1439,1400
2125,419,207,1070
2126,1134,1078,1093
2127,1085,1100,1117
2128,1028,1029,1030
2129,1199,1060,293
2130,1190,1067,137
2131,1170,1140,64
2132,1140,1171,64
2133,1171,34,64
2134,1171,403,34
2135,403,98,34
2136,220,1103,1062
2137,801,397,1082
2138,19,1088,2
2139,2063,1698,834
2140,1041,1051,1031
2141,1432,1260,1431
2142,1322,2337,154
2143,1075,1204,1455
2144,1087,1401,1055
2145,1149,347,1069
2146,1199,1088,19
2147,1096,1161,99
2148,1031,872,833
2149,20,470,1110
2150,293,1096,1103
2151,1071,99,583
2152,1150,759,621
2153,131,1044,1040
2154,1049,1069,1134
2155,1087,1038,939
2156,649,158,634
2157,99,1169,728
2158,728,583,99
2159,1102,930,1095
2160,924,1442,1512
2161,137,1101,109
2162,1033,1305,1151
2163,1070,1034,1089
2164,99,1071,1096
2165,22,1157,314
2166,1067,374,137
2167,1585,1611,1584
2168,1818,1029,1028
2169,1040,1033,1101
2170,231,374,1067
2171,347,1078,1069
2172,1060,1096,293
2173,1512,1442,1441
2174,1199,293,1118
2175,375,1049,1061
2176,1093,1035,314
2177,1199,1118,1088
2178,1110,1182,20
2179,1043,1190,1052
2180,697,294,688
2181,1078,231,1035
2182,403,1116,98
2183,1494,1495,716
2184,1118,293,97
2185,2,1088,516
2186,1131,1062,82
2187,1131,82,174
2188,131,1045,181
2189,1110,1194,1182
2190,1130,1043,1036
2191,126,401,1803
2192,218,1271,1046
2193,1696,1134,1093
2194,2139,1853,2116
2195,1110,396,1194
2196,1176,1161,1096
2197,1060,1176,1096
2198,716,1508,713
2199,1,1299,432
2200,461,289,460
2201,97,293,220
2202,293,1103,220
2203,713,1160,1006
2204,1072,1151,1142
2205,1696,1093,1359
2206,1222,1422,1217
2207,835,2478,841
2208,1096,1071,1048
2209,347,1039,374
2210,2,516,315
2211,179,1060,1200
2212,347,374,231
2213,1431,1430,1414
2214,219,1512,1494
2215,1103,1096,1048
2216,305,673,595
2217,776,454,722
2218,2169,2150,1640
2219,1046,418,218
2220,1101,1033,1072
2221,1072,1033,1151
2222,1034,1053,1195
2223,1176,1203,1161
2224,745,64,11
2225,750,177,720
2226,1053,516,420
2227,1050,1149,1069
2228,1101,1072,109
2229,997,1135,354
2230,566,565,1162
2231,1110,314,396
2232,1047,1073,834
2233,1157,1093,314
2234,1373,1106,1251
2235,1111,1135,997
2236,471,628,499
2237,354,1135,259
2238,259,117,42
2239,1103,82,1062
2240,375,356,1049
2241,1462,1141,1544
2242,1035,231,292
2243,1029,1041,1030
2244,1078,347,231
2245,220,1062,1131
2246,1093,1078,1035
2247,1075,1628,1204
2248,1135,1196,259
2249,259,1196,117
2250,1203,964,1161
2251,292,231,1067
2252,1589,1204,1628
2253,1204,1589,1139
2254,249,381,391
2255,1295,1317,1310
2256,346,1200,19
2257,1200,1199,19
2258,131,181,1044
2259,1100,1085,1051
2260,1032,1038,1054
2261,137,1040,1101
2262,969,1009,2494
2263,454,776,42
2264,1991,1947,2022
2265,19,1833,346
2266,1071,583,1048
2267,583,1191,1048
2268,181,1,1044
2269,1162,323,43
2270,1359,1093,1157
2271,1449,1359,1157
2272,1090,1111,228
2273,508,722,454
2274,206,508,454
2275,1250,1256,1265
2276,1487,1488,1546
2277,2156,1540,1874
2278,304,106,323
2279,1044,1,432
2280,1069,1078,1134
2281,1135,1167,1196
2282,1196,358,117
2283,117,358,42
2284,358,355,42
2285,355,454,42
2286,355,206,454
2287,1239,1421,1407
2288,1162,1152,323
2289,1200,1060,1199
2290,1051,1085,1084
2291,1023,1140,1170
2292,1111,1104,1135
2293,1049,1134,1061
2294,1104,1167,1135
2295,1167,1177,1196
2296,1196,1177,358
2297,1172,403,1171
2298,464,355,358
2299,1173,1124,239
2300,1239,1430,1421
2301,1097,1112,1104
2302,1111,1097,1104
2303,1104,1177,1167
2304,1177,464,358
2305,1090,1097,1111
2306,1132,1173,1117
2307,97,220,1058
2308,486,1131,174
2309,979,1016,284
2310,464,206,355
2311,179,1200,346
2312,1059,523,1169
2313,444,126,315
2314,1430,1437,1421
2315,497,468,680
2316,939,1806,1758
2317,380,249,1289
2318,1112,1121,1104
2319,1104,1121,1177
2320,1150,508,206
2321,1235,2034,524
2322,1130,292,1043
2323,345,206,464
2324,345,1150,206
2325,1821,1795,1203
2326,1142,203,96
2327,122,1127,970
2328,2152,2151,2133
2329,125,1150,345
2330,516,444,315
2331,1449,1157,22
2332,1457,1461,1429
2333,1128,151,1181
2334,1121,1158,1177
2335,1177,1197,464
2336,78,345,464
2337,125,1154,1150
2338,1150,1154,5
2339,294,1128,688
2340,1072,1142,96
2341,1097,1122,1112
2342,1112,1122,1121
2343,1122,1168,1121
2344,1177,1158,1197
2345,1197,78,464
2346,391,382,151
2347,1821,1060,179
2348,115,91,624
2349,420,1088,1118
2350,1128,294,151
2351,109,1072,96
2352,1172,1171,1140
2353,1121,1168,1158
2354,78,125,345
2355,1154,180,5
2356,970,925,1001
2357,294,1042,151
2358,1038,1087,1055
2359,1427,1265,1435
2360,403,418,1116
2361,835,878,2478
2362,2463,2475,2457
2363,1197,316,78
2364,1123,938,300
2365,43,753,566
2366,1038,1055,1054
2367,1438,1458,1457
2368,1659,1411,985
2369,1168,1159,1158
2370,178,1154,125
2371,1154,130,180
2372,1060,1821,1176
2373,1152,304,323
2374,174,313,326
2375,1159,1186,1158
2376,1158,1186,1197
2377,1197,1186,316
2378,78,178,125
2379,1042,249,391
2380,151,1042,391
2381,95,818,592
2382,1122,1126,1168
2383,316,178,78
2384,1056,1154,178
2385,1154,390,130
2386,130,390,667
2387,2380,1585,1584
2388,11,68,498
2389,261,397,1639
2390,2106,2117,2059
2391,2129,2093,2001
2392,1186,248,316
2393,1154,1056,390
2394,1289,438,1264
2395,304,238,106
2396,1126,1159,1168
2397,316,472,178
2398,472,1056,178
2399,82,1191,313
2400,1042,1289,249
2401,1806,939,1029
2402,516,1083,444
2403,1056,1163,390
2404,2491,2479,2492
2405,162,642,42
2406,1055,1544,1302
2407,1068,1654,1022
2408,248,472,316
2409,1161,1059,1169
2410,1085,1117,1153
2411,81,67,15
2412,1988,1989,1535
2413,1632,1631,1610
2414,1486,2371,1304
2415,1493,1068,1022
2416,1136,1159,1126
2417,668,1165,678
2418,389,1284,425
2419,1954,1971,1970
2420,1218,1222,2436
2421,1253,1260,1222
2422,1318,1544,1055
2423,1319,1327,2442
2424,1260,1432,1222
2425,1218,1253,1222
2426,253,221,2427
2427,1236,1289,1264
2428,1283,1272,1262
2429,1276,1290,1300
2430,1313,101,1300
2431,1279,362,376
2432,1312,1352,1513
2433,467,450,438
2434,1917,1963,1955
2435,2025,28,2139
2436,1353,380,1278
2437,1223,29,1253
2438,146,157,172
2439,1246,1252,273
2440,1270,379,333
2441,2042,2071,2041
2442,273,299,266
2443,1355,1391,210
2444,12,239,1141
2445,1381,1329,1391
2446,1311,1322,154
2447,239,1124,1141
2448,2357,1572,1361
2449,1235,1248,1243
2450,1271,218,1347
2451,1270,1273,379
2452,190,2033,1981
2453,1991,2051,1989
2454,461,451,688
2455,2261,2285,2260
2456,182,488,1641
2457,2484,2479,1868
2458,83,110,1322
2459,1189,352,1353
2460,445,433,434
2461,1335,170,1340
2462,2020,429,2058
2463,861,877,1119
2464,1262,1272,1247
2465,1965,1920,2143
2466,1311,83,1322
2467,239,12,1347
2468,1358,1273,1270
2469,1391,1329,1246
2470,1519,1332,10
2471,1367,1252,1246
2472,1278,1284,1189
2473,2464,989,2488
2474,1271,1518,804
2475,1368,1271,804
2476,1316,94,1343
2477,1241,1247,1233
2478,1367,241,1362
2479,273,1261,1385
2480,531,596,1885
2481,2116,2025,2139
2482,1391,1246,273
2483,2161,507,984
2484,1963,1468,1964
2485,1314,103,1330
2486,1391,1355,1381
2487,127,1341,1335
2488,1284,426,425
2489,1218,1223,1253
2490,1319,1321,1320
2491,1319,1320,1327
2492,152,2442,1327
2493,1320,152,1327
2494,1234,1243,1242
2495,1224,1223,1218
2496,1358,352,1189
2497,1311,1472,1457
2498,1335,1341,146
2499,304,1332,1037
2500,1335,146,170
2501,515,30,18
2502,2478,2460,841
2503,1236,1264,426
2504,1262,1277,1283
2505,880,1826,833
2506,1236,426,1284
2507,1298,1311,1457
2508,1189,1284,1273
2509,1362,285,1252
2510,2329,2302,827
2511,426,441,425
2512,2492,2462,2491
2513,1284,379,1273
2514,521,17,1224
2515,2470,2471,2487
2516,2337,153,1320
2517,1422,1414,1217
2518,1224,17,1223
2519,1252,285,1261
2520,285,352,1358
2521,170,1367,1382
2522,1272,53,1233
2523,1972,2446,526
2524,1321,154,1320
2525,1202,1368,1412
2526,1306,362,1297
2527,1363,1374,1328
2528,1328,226,1305
2529,295,1297,1342
2530,946,2498,1446
2531,1202,1046,1271
2532,1097,1747,1122
2533,1518,1271,1347
2534,1276,69,1272
2535,1281,1336,1360
2536,285,301,352
2537,102,103,1314
2538,1376,434,433
2539,1448,1260,1344
2540,925,1309,805
2541,1262,1247,1241
2542,984,507,596
2543,1414,1221,1217
2544,87,1324,103
2545,169,110,155
2546,1383,1281,1360
2547,273,1252,1261
2548,1370,1316,1343
2549,1370,1365,1336
2550,1344,1458,1448
2551,170,1382,1340
2552,2437,1234,1226
2553,2133,1581,2117
2554,427,1259,1378
2555,1335,1340,1324
2556,1234,1241,1226
2557,1227,1686,2283
2558,1853,2139,2015
2559,1865,1886,1872
2560,1342,1297,1369
2561,1383,1360,2439
2562,170,241,1367
2563,1343,1308,1365
2564,1370,1343,1365
2565,1279,1376,1292
2566,199,1184,204
2567,1329,1382,1367
2568,1254,1263,1262
2569,542,1366,1875
2570,1342,1369,1259
2571,1292,1325,1369
2572,2439,1360,1301
2573,1281,1383,2405
2574,270,1336,1281
2575,169,2337,1322
2576,1527,1502,2469
2577,514,1346,2452
2578,1996,1704,1997
2579,2284,1227,2283
2580,1228,1249,1227
2581,1329,1367,1246
2582,1918,1618,2044
2583,1343,1363,1334
2584,1221,1239,1220
2585,1211,857,1740
2586,2387,1221,1220
2587,1527,2469,2067
2588,500,1307,2170
2589,1294,1310,1486
2590,2115,1618,1654
2591,1219,1228,1227
2592,7,662,572
2593,1342,1259,427
2594,1336,1365,1360
2595,1297,1279,1292
2596,1268,1344,1260
2597,1278,380,1289
2598,1229,1228,1219
2599,1229,1244,1228
2600,1244,1249,1228
2601,1226,1233,30
2602,1301,1360,1349
2603,1244,1265,1427
2604,1991,2022,2051
2605,2481,2470,2474
2606,451,461,460
2607,270,1281,1274
2608,1990,1988,1933
2609,1365,1308,1349
2610,1343,1334,1308
2611,729,698,973
2612,1373,1251,1207
2613,596,507,1911
2614,1362,1252,1367
2615,1385,1270,299
2616,1210,1217,1221
2617,1375,1376,433
2618,2398,2436,1210
2619,1283,1290,1276
2620,1229,1250,1244
2621,1250,1265,1244
2622,1316,1370,1336
2623,1287,1285,1094
2624,1094,1285,1351
2625,1240,1207,1351
2626,1240,1373,1207
2627,1283,1277,1290
2628,210,1391,266
2629,1343,1374,1363
2630,928,582,1027
2631,1360,1365,1349
2632,1114,1293,1638
2633,1290,102,1300
2634,1219,1230,1229
2635,1230,1250,1229
2636,1233,1247,1272
2637,1254,54,1263
2638,1359,1449,1701
2639,362,1279,1297
2640,1368,1202,1271
2641,1414,1239,1221
2642,1215,1230,1219
2643,1242,1262,1234
2644,1374,226,1328
2645,1263,1277,1262
2646,854,898,960
2647,1285,1240,1351
2648,2080,2127,2106
2649,1222,1432,1422
2650,1472,1311,154
2651,153,152,1320
2652,1376,1375,1292
2653,1391,273,266
2654,333,299,1270
2655,1954,1990,1933
2656,1612,1326,1287
2657,1326,1285,1287
2658,1348,1373,1240
2659,2369,2024,2366
2660,1314,1330,132
2661,433,445,1255
2662,1231,1250,1230
2663,1242,1243,1254
2664,1285,1303,1240
2665,1348,1106,1373
2666,1358,1270,1385
2667,1226,515,2430
2668,218,239,1347
2669,1269,270,1274
2670,1254,1262,1242
2671,2025,1925,28
2672,1682,2156,1211
2673,1325,1292,1375
2674,1254,31,54
2675,103,1324,1340
2676,518,2461,2474
2677,2153,2160,2136
2678,1375,433,1245
2679,1245,433,1255
2680,1256,1250,1231
2681,1261,1358,1385
2682,2194,2191,2185
2683,1307,533,1225
2684,2025,2116,543
2685,1326,1612,1323
2686,1326,1325,1285
2687,1285,1325,1303
2688,103,1340,1330
2689,773,523,879
2690,836,1516,533
2691,1126,1122,1566
2692,1278,1236,1284
2693,1296,1380,1293
2694,1216,1231,1215
2695,1141,1518,12
2696,1435,1266,1286
2697,1323,1371,1326
2698,1303,1245,1240
2699,1245,1348,1240
2700,1245,1372,1348
2701,285,1358,1261
2702,1381,1382,1329
2703,1283,1276,1272
2704,488,1997,1798
2705,1674,1115,1074
2706,105,1316,1336
2707,1310,1294,1280
2708,1291,1363,1328
2709,1334,1363,1291
2710,1333,1293,1114
2711,1333,1296,1293
2712,1299,1380,1296
2713,972,841,2460
2714,1216,1238,1231
2715,1231,1238,1256
2716,1257,1266,1435
2717,1358,1189,1273
2718,1861,1404,1876
2719,1371,1338,1326
2720,1338,1325,1326
2721,1372,1350,1348
2722,1275,1310,1280
2723,1255,2385,1350
2724,1,1108,1299
2725,481,1730,519
2726,802,1603,2021
2727,1222,1217,1210
2728,1340,1382,1381
2729,1297,1292,1369
2730,1189,1353,1278
2731,1323,2397,1371
2732,1713,1699,2172
2733,182,1999,488
2734,1700,1665,191
2735,1226,1241,1233
2736,1331,1288,1309
2737,1516,2004,2129
2738,1330,1340,1381
2739,524,1248,1235
2740,22,1267,1449
2741,1263,1290,1277
2742,1280,1286,1266
2743,1294,1304,1286
2744,1280,1294,1286
2745,1486,1304,1294
2746,1604,2096,2057
2747,1325,1375,1303
2748,1303,1375,1245
2749,1315,1918,1983
2750,2499,1948,2459
2751,1331,1312,1288
2752,2188,2180,2176
2753,1334,1333,1352
2754,1291,1296,1333
2755,1427,1249,1244
2756,968,957,951
2757,1216,1232,1238
2758,1232,1256,1238
2759,1875,1366,1337
2760,1378,1259,1371
2761,1371,1259,1338
2762,1127,1301,1309
2763,1309,1301,1331
2764,1334,1352,1312
2765,1291,1333,1334
2766,1296,1328,1299
2767,1278,1289,1236
2768,1300,102,1313
2769,69,1300,101
2770,22,1332,1267
2771,379,1284,389
2772,771,324,1274
2773,1313,102,1314
2774,2472,2457,2486
2775,1275,1280,1266
2776,1343,94,1374
2777,2052,1770,1571
2778,1245,1255,1372
2779,1372,1255,1350
2780,1339,1301,1127
2781,1349,1312,1331
2782,1328,1296,1291
2783,2433,2472,2486
2784,105,1336,270
2785,22,470,1332
2786,621,722,508
2787,1387,1516,2126
2788,1990,1989,1988
2789,182,1635,1225
2790,2132,1604,2150
2791,1259,1369,1338
2792,1338,1369,1325
2793,866,1893,1901
2794,389,425,411
2795,1234,1262,1241
2796,1398,1421,1232
2797,304,10,1332
2798,1299,1328,1305
2799,1301,1349,1331
2800,1349,1308,1312
2801,1308,1334,1312
2802,2469,2101,1501
2803,1786,1530,1598
2804,1723,1724,1690
2805,1826,1600,1926
2806,1677,1357,1475
2807,1822,1811,1845
2808,1804,1823,1707
2809,1745,1675,1796
2810,324,2394,428
2811,1834,1676,1825
2812,1506,1789,1721
2813,1525,1671,857
2814,157,146,1341
2815,1461,1472,1321
2816,1473,1413,1564
2817,1760,1899,1876
2818,939,1758,1007
2819,1564,1014,1007
2820,1923,1532,1932
2821,1877,825,829
2822,1564,1413,1014
2823,1401,1087,1007
2824,1537,1531,1650
2825,1014,1551,1007
2826,1537,1590,1473
2827,1531,1537,1473
2828,1473,1590,1413
2829,1483,1401,1007
2830,1551,1483,1007
2831,1413,1459,1014
2832,1014,1459,1551
2833,805,1288,944
2834,1596,1537,1658
2835,1483,1318,1401
2836,1055,1401,1318
2837,1537,1596,1590
2838,1590,959,1413
2839,1413,959,1459
2840,1924,1465,1454
2841,1551,1399,1483
2842,1483,1399,1318
2843,1399,112,1318
2844,1596,1579,1590
2845,1459,1399,1551
2846,1513,1440,965
2847,1596,1658,1408
2848,1656,112,1399
2849,1459,1656,1399
2850,1287,1094,1633
2851,1550,1596,1408
2852,1579,1597,1590
2853,1590,1597,959
2854,1535,1989,2030
2855,959,1656,1459
2856,1808,1745,1796
2857,1422,1432,1431
2858,2477,1361,1408
2859,1462,1544,112
2860,1656,1462,112
2861,1456,1286,1304
2862,1681,1715,1745
2863,1433,1760,1884
2864,1012,1138,1616
2865,2378,1361,2477
2866,1419,1596,1550
2867,1419,1579,1596
2868,1663,1807,1711
2869,2255,2249,2230
2870,1361,1550,1408
2871,2195,2213,2212
2872,1690,1724,1776
2873,1625,191,1665
2874,1533,1573,2057
2875,1573,1599,1604
2876,1599,1605,1604
2877,1605,1640,1604
2878,1572,1419,1550
2879,1656,1484,1462
2880,677,1805,1741
2881,1533,1552,1573
2882,1573,1574,1599
2883,1809,2169,584
2884,1622,1640,1605
2885,1406,1656,959
2886,1597,1406,959
2887,1484,1141,1462
2888,1715,1580,1675
2889,1737,1742,1732
2890,842,2063,834
2891,1538,1574,1573
2892,1552,1538,1573
2893,1574,1591,1599
2894,1591,1623,1605
2895,1599,1591,1605
2896,1641,584,1640
2897,1622,1641,1640
2898,1484,163,1141
2899,1737,1515,1742
2900,1808,1719,1797
2901,1532,1534,1533
2902,1591,1606,1623
2903,1623,1622,1605
2904,1162,565,1115
2905,1406,1484,1656
2906,1431,1448,1438
2907,1099,801,2381
2908,1742,1515,1721
2909,1745,1715,1675
2910,1534,1538,1533
2911,1533,1538,1552
2912,1641,1622,1623
2913,1094,1207,1653
2914,966,1406,1597
2915,1579,966,1597
2916,1808,1796,1719
2917,1923,1523,1534
2918,1532,1923,1534
2919,1538,1575,1574
2920,1641,215,584
2921,1406,1528,1484
2922,1484,1528,163
2923,1471,1461,1481
2924,1414,1430,1239
2925,965,1193,713
2926,382,1181,151
2927,473,2336,445
2928,1742,1840,1756
2929,1485,1523,1923
2930,1534,1524,1538
2931,1574,1575,1591
2932,1419,966,1579
2933,1287,1633,1612
2934,458,426,1264
2935,1403,2178,1392
2936,1403,1402,1799
2937,1403,1409,1402
2938,1409,1748,1402
2939,1348,1350,217
2940,1485,1497,1523
2941,1534,1523,1524
2942,1606,1635,1623
2943,182,1641,1623
2944,1635,182,1623
2945,1106,1348,217
2946,1350,844,217
2947,163,1518,1141
2948,844,412,217
2949,1524,1575,1538
2950,1575,1581,1591
2951,1591,2133,1606
2952,2133,1635,1606
2953,2146,1490,1400
2954,1406,1588,1528
2955,1528,1518,163
2956,1692,1762,1443
2957,1923,1478,1485
2958,1591,1581,2133
2959,498,164,873
2960,2175,1856,1958
2961,2326,2367,2325
2962,2357,820,952
2963,952,820,1572
2964,1823,1703,1463
2965,1730,1357,1677
2966,1393,1409,1403
2967,1393,1417,1409
2968,1465,1478,1838
2969,1485,1478,1497
2970,1497,1524,1523
2971,1575,2079,1581
2972,1784,1683,1897
2973,803,397,801
2974,803,924,397
2975,1446,1561,2357
2976,2357,1561,820
2977,820,1619,1572
2978,1619,1419,1572
2979,1419,1555,966
2980,1392,1393,1403
2981,1524,2079,1575
2982,1620,1419,1619
2983,1620,1555,1419
2984,966,1588,1406
2985,1504,4,1356
2986,1265,1257,1435
2987,1392,1394,1393
2988,2175,2174,1847
2989,1454,1465,1838
2990,1524,1539,2079
2991,1581,2079,2117
2992,1099,803,801
2993,1555,1588,966
2994,1588,1081,1528
2995,1092,1684,1356
2996,1503,1092,1356
2997,1424,1417,1393
2998,1474,1478,1465
2999,1478,1505,1497
3000,1788,1783,1729
3001,2500,2464,2488
3002,1437,1457,1429
3003,1461,1457,1472
3004,1453,804,1528
3005,1081,1453,1528
3006,1528,804,1518
3007,1424,1393,1394
3008,1424,1743,1417
3009,1478,1474,1505
3010,1539,2059,2079
3011,1555,1081,1588
3012,1442,944,1510
3013,1505,1535,1497
3014,1497,1535,1524
3015,1524,1535,1539
3016,1669,851,1671
3017,1997,1387,1388
3018,1510,965,1508
3019,1508,965,713
3020,1441,1442,1495
3021,1561,1634,820
3022,154,1321,1472
3023,1438,1457,1437
3024,1425,1424,1394
3025,1474,1498,1505
3026,1734,1587,1775
3027,2421,2453,2420
3028,1422,1431,1414
3029,1558,2100,2072
3030,844,865,412
3031,1428,1619,820
3032,1619,1428,1620
3033,1227,1249,1686
3034,1001,944,1442
3035,2381,801,1082
3036,1858,1410,1394
3037,1410,1425,1394
3038,1425,1743,1424
3039,1589,1436,1482
3040,1479,1474,1465
3041,1479,1498,1474
3042,1509,1732,1742
3043,1662,1695,1657
3044,1429,1452,1451
3045,1451,1471,1470
3046,1451,1470,1447
3047,1429,1451,1420
3048,1429,1420,1421
3049,1428,1081,1555
3050,1620,1428,1555
3051,1350,2385,844
3052,1125,1058,486
3053,1638,1436,1562
3054,1503,1927,1092
3055,1498,1535,1505
3056,1587,1769,1726
3057,1109,1746,1396
3058,1775,1587,1530
3059,1321,1319,1481
3060,1589,1628,1570
3061,1729,1876,1837
3062,1428,934,1081
3063,1081,934,1453
3064,803,1442,924
3065,1138,1006,1638
3066,1924,1479,1465
3067,1933,1988,1479
3068,1498,1988,1535
3069,1726,1525,1530
3070,1592,1613,501
3071,2454,2430,2399
3072,1754,1679,907
3073,1562,1570,1563
3074,1646,1077,1500
3075,2489,1634,1105
3076,1495,1510,716
3077,2453,2430,515
3078,1477,1152,1092
3079,1869,1425,1410
3080,1425,1722,1743
3081,961,985,1411
3082,716,1510,1508
3083,1824,1703,1823
3084,2224,2233,2252
3085,1489,1556,1187
3086,1634,79,820
3087,804,1453,934
3088,1185,705,694
3089,1193,1160,713
3090,1511,1006,1012
3091,591,96,203
3092,1257,1265,1256
3093,81,1332,470
3094,1693,1709,1504
3095,1642,489,1660
3096,1660,489,1113
3097,1517,2067,2483
3098,1749,1807,1663
3099,1655,1634,2489
3100,934,1520,804
3101,1545,1628,1075
3102,1300,69,1276
3103,965,1440,1193
3104,1147,1824,1823
3105,1613,1608,1642
3106,1113,1091,1920
3107,1769,1738,1669
3108,1630,1631,1645
3109,820,1015,1428
3110,1428,1015,934
3111,1631,1094,1653
3112,1082,261,687
3113,1723,1685,1724
3114,1643,489,1642
3115,1091,1148,1920
3116,2,892,1831
3117,987,1639,1187
3118,915,1106,283
3119,1655,79,1634
3120,1015,820,79
3121,1015,1520,934
3122,1477,1201,1152
3123,1400,1927,28
3124,1439,1477,1927
3125,1848,1699,1864
3126,1594,1610,1611
3127,1207,197,340
3128,1463,1703,1745
3129,2142,983,1720
3130,1847,1848,1867
3131,1661,1113,489
3132,1668,1786,1681
3133,1655,1617,79
3134,197,1207,915
3135,1439,1927,1400
3136,1520,1368,804
3137,1251,1106,915
3138,1744,677,1671
3139,1702,1778,1720
3140,1749,1464,1807
3141,1608,1643,1642
3142,1091,1113,1661
3143,1825,1522,1792
3144,2261,2260,2223
3145,1695,2165,1766
3146,1015,1647,1520
3147,1207,1251,915
3148,832,687,1066
3149,1793,1802,1557
3150,27,16,511
3151,1749,860,1565
3152,1593,1643,1608
3153,1643,1644,489
3154,489,1644,1661
3155,2228,2261,2223
3156,1601,860,1759
3157,1529,1776,1759
3158,871,1705,1672
3159,1695,1667,2165
3160,1707,1808,1797
3161,1580,1715,1813
3162,1708,1793,1679
3163,1232,1420,1256
3164,1723,1475,1685
3165,1468,1480,1964
3166,1964,1480,1491
3167,2072,1548,1558
3168,1593,1614,1643
3169,1798,1705,1754
3170,1724,1685,1836
3171,1719,1796,1571
3172,1617,2466,2021
3173,1617,1578,79
3174,1647,1015,79
3175,2133,2151,1635
3176,1610,1631,1630
3177,1760,1433,1469
3178,1558,1576,1593
3179,1602,1614,1593
3180,1614,1644,1643
3181,1636,1661,1644
3182,1661,1198,1091
3183,1198,1148,1091
3184,1450,1107,1148
3185,664,733,755
3186,1864,1699,1713
3187,1708,1840,1793
3188,1617,2021,1578
3189,1647,1412,1368
3190,1520,1647,1368
3191,1519,10,1400
3192,1445,1469,1433
3193,1797,1690,1753
3194,2062,1543,2072
3195,2072,1543,1548
3196,1593,1576,1602
3197,1614,1636,1644
3198,1636,1198,1661
3199,1426,1148,1198
3200,2166,1107,1450
3201,1996,1672,1704
3202,1705,1798,1704
3203,1840,1708,1756
3204,1603,1578,2021
3205,1578,706,79
3206,79,706,1647
3207,1519,1400,1490
3208,1648,1519,1490
3209,1434,1433,1884
3210,1469,1468,1460
3211,1480,1507,2023
3212,2369,1543,2062
3213,1548,1567,1558
3214,1558,1567,1576
3215,1602,1609,1614
3216,1614,1609,1636
3217,998,1198,1636
3218,1450,1148,1426
3219,1136,1824,1147
3220,1705,1704,1672
3221,1137,1603,2115
3222,1137,1578,1603
3223,1412,1647,706
3224,2359,2023,1507
3225,597,1074,1115
3226,228,92,1467
3227,1838,1478,1683
3228,2215,2228,2223
3229,1609,1624,1636
3230,328,998,1636
3231,1198,1016,1426
3232,1016,302,1426
3233,302,1450,1426
3234,1791,1753,1776
3235,2308,2390,2300
3236,1654,1137,2115
3237,1137,706,1578
3238,1648,1490,205
3239,1405,1884,1397
3240,1405,1418,1884
3241,1418,1434,1884
3242,1433,1434,1445
3243,1469,1480,1468
3244,1576,1582,1602
3245,998,1016,1198
3246,80,66,940
3247,66,1649,940
3248,1258,1814,2163
3249,1618,2115,2044
3250,1423,706,1137
3251,1701,1648,205
3252,1686,1405,1397
3253,1476,1480,1469
3254,1567,1568,1576
3255,1576,1568,1582
3256,1602,1582,1609
3257,1624,328,1636
3258,2166,339,272
3259,80,272,339
3260,80,961,66
3261,1546,1618,1487
3262,1829,1738,1769
3263,937,1423,1137
3264,1423,1412,706
3265,1526,1648,1701
3266,1526,1519,1648
3267,1526,1267,1519
3268,1249,1405,1686
3269,1440,1352,1114
3270,1202,1412,1050
3271,1249,1418,1405
3272,1476,2371,1480
3273,1480,2371,1507
3274,2448,1559,1567
3275,1548,2448,1567
3276,1567,1559,1568
3277,1568,1583,1582
3278,1651,328,1624
3279,328,816,998
3280,284,1016,998
3281,302,9,1450
3282,9,2166,1450
3283,1411,1649,66
3284,1411,1487,1649
3285,1546,1022,1618
3286,1022,1654,1618
3287,1654,937,1137
3288,1455,1412,1423
3289,1456,1469,1445
3290,1456,1476,1469
3291,328,1651,816
3292,9,339,2166
3293,937,1545,1423
3294,1545,1455,1423
3295,1258,1547,1778
3296,2051,2030,1989
3297,1439,1201,1477
3298,1427,1418,1249
3299,1427,1434,1418
3300,1427,1445,1434
3301,1933,1934,1954
3302,1559,1583,1568
3303,1609,1637,1624
3304,1637,1651,1624
3305,816,1076,998
3306,1076,284,998
3307,979,302,1016
3308,961,1411,66
3309,1493,1022,1546
3310,324,270,1269
3311,1442,1510,1495
3312,1449,1267,1526
3313,1513,1352,1440
3314,1286,1445,1427
3315,1445,1286,1456
3316,1304,2371,1476
3317,1991,1989,1990
3318,1991,1990,1970
3319,1970,1990,1954
3320,2448,1548,2417
3321,1582,1615,1609
3322,1609,1615,1637
3323,9,1395,339
3324,339,1444,80
3325,1444,961,80
3326,1789,983,1752
3327,983,2147,1752
3328,1587,1712,1769
3329,968,977,957
3330,1740,1778,1702
3331,1757,1845,1753
3332,1826,1818,1028
3333,1817,1529,1711
3334,1749,1565,2126
3335,2458,2433,2482
3336,1797,1719,1770
3337,1793,1840,1802
3338,215,1754,1809
3339,1097,1734,1747
3340,1734,1496,1747
3341,1501,2101,1600
3342,880,1501,1600
3343,1454,1838,1743
3344,1705,1708,1679
3345,1211,1740,1702
3346,1787,1968,1670
3347,1074,1073,1691
3348,950,2499,880
3349,2489,2485,2462
3350,1747,1496,1780
3351,1720,983,1839
3352,1814,1258,1740
3353,1625,1755,1836
3354,974,986,1541
3355,2229,2235,2234
3356,1771,677,733
3357,1541,1670,974
3358,1805,1771,1779
3359,677,1771,1805
3360,2217,2224,2267
3361,1827,1731,2006
3362,1525,1687,1530
3363,1751,1525,1553
3364,1843,1817,1711
3365,1822,1845,1803
3366,1780,1668,1703
3367,1720,1778,2142
3368,1769,1669,1525
3369,1496,1668,1780
3370,1097,1712,1734
3371,1741,1814,1740
3372,1525,857,1874
3373,1598,1530,1687
3374,1802,1789,1557
3375,1702,1720,1682
3376,1831,1765,956
3377,1541,1678,1670
3378,1678,1787,1670
3379,1926,1818,1826
3380,1717,1744,1738
3381,1683,1021,1838
3382,1458,1282,1298
3383,1021,1409,1417
3384,2367,2392,2325
3385,1668,1496,1775
3386,1874,857,1211
3387,1738,1744,851
3388,1963,1917,1460
3389,1355,132,1330
3390,1764,1828,1467
3391,857,1741,1740
3392,1005,1673,1020
3393,1722,1935,1934
3394,1467,1712,1097
3395,1723,1677,1475
3396,1679,1782,907
3397,1730,1542,519
3398,1682,1720,1839
3399,1466,1678,1541
3400,1811,1707,1845
3401,1678,1974,1787
3402,1712,1829,1769
3403,1802,1721,1789
3404,2300,2390,2348
3405,1712,1587,1734
3406,1835,1529,1817
3407,1836,1755,860
3408,885,570,555
3409,1180,1804,1811
3410,1705,1679,1754
3411,1676,1728,1774
3412,1775,1786,1668
3413,1525,1669,1671
3414,1726,1769,1525
3415,986,1466,1541
3416,1566,1703,1136
3417,1692,1864,1713
3418,896,1761,911
3419,1134,1696,1061
3420,1696,375,1061
3421,1542,1730,1677
3422,1792,1678,1466
3423,1776,1601,1759
3424,1845,1797,1753
3425,1834,1095,1676
3426,1032,1029,939
3427,1449,1526,1701
3428,1716,375,1696
3429,1710,1716,1696
3430,1716,164,375
3431,1839,983,1789
3432,1668,1745,1703
3433,1668,1681,1745
3434,2300,2348,2307
3435,1881,1443,1897
3436,1819,1788,1729
3437,860,1379,1565
3438,2300,2307,2265
3439,1770,1542,1690
3440,1957,1658,1650
3441,1696,1359,1710
3442,1710,1736,1716
3443,1716,1736,164
3444,1789,1752,1557
3445,1667,1695,1662
3446,1359,1701,1710
3447,1701,1706,1710
3448,1706,1736,1710
3449,1736,1750,164
3450,1443,1781,1692
3451,1715,1786,1598
3452,1743,1838,1021
3453,1897,1443,1784
3454,205,1706,1701
3455,1763,2467,1750
3456,315,1843,892
3457,892,1843,914
3458,1844,1803,1757
3459,1379,860,1755
3460,1779,669,1020
3461,1713,2171,1762
3462,1782,1557,1662
3463,1749,2126,1464
3464,1797,1770,1690
3465,1690,1542,1723
3466,1871,1909,838
3467,1736,2043,1750
3468,1750,2043,1763
3469,1756,1700,481
3470,1724,1601,1776
3471,1835,1844,1529
3472,2101,2469,1502
3473,2495,1898,543
3474,762,2483,945
3475,986,1718,1466
3476,1844,1757,1791
3477,1724,1836,1601
3478,1871,1865,1872
3479,1711,1529,1759
3480,488,1798,215
3481,1759,860,1749
3482,2067,2465,2459
3483,1695,2158,2167
3484,376,1376,1279
3485,1796,1675,1571
3486,1580,2052,1571
3487,1675,1580,1571
3488,1763,2497,2467
3489,2467,2497,1993
3490,1860,1694,1859
3491,2480,2003,2494
3492,1825,1676,1522
3493,1669,1738,851
3494,2233,2268,2252
3495,1723,1542,1677
3496,1657,2167,1790
3497,1396,1746,1718
3498,1695,2167,1657
3499,978,518,271
3500,1773,1974,1678
3501,974,1670,931
3502,1786,1715,1681
3503,1834,1825,1746
3504,2500,2468,960
3505,1809,907,1790
3506,1981,1767,190
3507,1136,1703,1824
3508,1803,1845,1757
3509,2003,2043,1736
3510,912,1968,901
3511,2497,1794,1800
3512,914,1843,1711
3513,1688,914,1711
3514,1739,1751,1540
3515,694,660,198
3516,1864,1692,1781
3517,1823,1463,1808
3518,1828,1764,1717
3519,1815,1767,1981
3520,1815,1621,1767
3521,1621,2164,1680
3522,1767,1621,1680
3523,669,1771,227
3524,1282,1458,51
3525,1784,1443,1748
3526,1674,1074,1684
3527,1566,1780,1703
3528,1857,1856,1847
3529,1525,1751,1687
3530,1790,2159,1809
3531,907,1657,1790
3532,1812,1772,1557
3533,1844,1791,1529
3534,68,375,164
3535,2,1831,1833
3536,1721,1515,1506
3537,1800,1820,1993
3538,1832,1981,2045
3539,1820,1832,2045
3540,1832,1815,1981
3541,1021,1784,1748
3542,2159,2169,1809
3543,1146,1718,1725
3544,1682,1839,1506
3545,1466,1718,1792
3546,1794,1801,1800
3547,1801,1810,1800
3548,1800,1810,1820
3549,1689,2164,1621
3550,1933,1479,1924
3551,228,1467,1090
3552,1779,2163,1741
3553,1671,1741,857
3554,1832,1416,1815
3555,1416,1621,1815
3556,1830,2164,1689
3557,1667,1662,1557
3558,1718,1746,1825
3559,1759,1749,1663
3560,1816,1689,1621
3561,1529,1791,1776
3562,947,1795,1801
3563,1795,1810,1801
3564,1514,1816,1621
3565,1694,1860,1830
3566,1782,1662,1657
3567,1748,1409,1021
3568,853,1795,947
3569,1810,1841,1832
3570,1820,1810,1832
3571,1832,1841,1416
3572,1621,1416,1514
3573,126,1803,1844
3574,1685,1625,1836
3575,1607,1689,1816
3576,1522,1774,1761
3577,126,1844,1835
3578,1811,1804,1707
3579,1522,1676,1774
3580,1779,1771,669
3581,1757,1753,1791
3582,1203,1795,853
3583,1821,1841,1810
3584,1607,1830,1689
3585,1821,1810,1795
3586,1841,1415,1416
3587,1416,1415,1514
3588,1514,1607,1816
3589,1727,1830,1607
3590,907,1782,1657
3591,126,1835,315
3592,1804,1147,1823
3593,851,1744,1671
3594,1477,1092,1927
3595,1821,1842,1841
3596,1842,958,1841
3597,1841,958,1415
3598,1727,1694,1830
3599,1727,1859,1694
3600,2345,445,2336
3601,1601,1836,860
3602,1086,1095,1834
3603,1707,1823,1808
3604,2003,1736,504
3605,1566,1747,1780
3606,519,1542,1882
3607,1759,1663,1711
3608,127,1335,71
3609,2052,1882,1542
3610,1821,179,1842
3611,1785,1607,1514
3612,928,2461,518
3613,511,2401,505
3614,1211,1702,1682
3615,1829,1828,1738
3616,2052,1542,1770
3617,1415,1768,1514
3618,1768,1785,1514
3619,1785,1727,1607
3620,1711,1807,1688
3621,1793,1557,1782
3622,1496,1734,1775
3623,1126,1566,1136
3624,1122,1747,1566
3625,35,204,1184
3626,958,1733,1415
3627,1737,1732,1540
3628,1773,1761,1973
3629,1751,1553,1540
3630,1751,1739,1687
3631,1525,1874,1553
3632,1467,1828,1829
3633,1754,907,1809
3634,1715,1598,1813
3635,1805,1779,1741
3636,2307,2348,2339
3637,1831,914,1688
3638,1712,1467,1829
3639,1813,1598,1345
3640,1831,1688,1765
3641,1021,1683,1784
3642,1092,1152,1115
3643,1671,677,1741
3644,1674,1684,1092
3645,1840,1742,1721
3646,1813,2052,1580
3647,1463,1745,1808
3648,2484,2496,2492
3649,1415,1733,1768
3650,1664,1727,1785
3651,1664,1950,1727
3652,1950,1859,1727
3653,1950,2093,1859
3654,1843,1835,1817
3655,315,1835,1843
3656,1775,1530,1786
3657,1718,1825,1792
3658,2146,1400,28
3659,2110,2120,1547
3660,1740,1258,1778
3661,1842,346,1833
3662,1842,1733,958
3663,1765,1768,1733
3664,956,1765,1733
3665,1765,1785,1768
3666,1765,1688,1785
3667,1688,1664,1785
3668,1753,1690,1776
3669,1506,1839,1789
3670,1760,1469,1460
3671,1522,1678,1792
3672,1090,1467,1097
3673,1819,1729,1837
3674,1842,1833,1733
3675,1807,1950,1664
3676,1587,1726,1530
3677,892,914,1831
3678,1522,1773,1678
3679,271,2487,709
3680,1092,1115,1674
3681,2339,2348,2347
3682,1831,1733,1833
3683,1831,956,1733
3684,1950,1807,2093
3685,1684,1691,1504
3686,1042,294,697
3687,2142,1778,2120
3688,1688,1807,1664
3689,1692,1713,1762
3690,1737,2156,1515
3691,1113,1920,235
3692,1267,1332,1519
3693,1148,1107,430
3694,507,2143,1911
3695,1956,1107,1536
3696,430,1107,1956
3697,1017,1107,2166
3698,1337,1956,1680
3699,2162,1956,1337
3700,1982,1389,2092
3701,29,556,36
3702,1713,2172,2171
3703,1982,1983,1389
3704,1983,2064,1389
3705,883,1761,896
3706,2064,1983,1213
3707,1949,1973,1761
3708,883,1949,1761
3709,2011,1697,1860
3710,1213,2115,802
3711,1949,1937,1973
3712,1937,1966,1973
3713,1899,1760,1460
3714,864,1928,883
3715,883,1928,1949
3716,2061,2070,2041
3717,918,1984,1731
3718,1592,501,2145
3719,1994,1212,2097
3720,1521,2475,1650
3721,2173,1848,2174
3722,1479,1988,1498
3723,1928,1937,1949
3724,1604,2057,1573
3725,2096,1604,2132
3726,1911,2013,1885
3727,2091,2081,2082
3728,205,1929,504
3729,2100,2099,2091
3730,2072,2100,2091
3731,838,1909,864
3732,1909,1900,1928
3733,864,1909,1928
3734,1966,1787,1974
3735,2072,2091,2062
3736,2100,1592,2099
3737,2014,1875,1697
3738,1852,1883,2013
3739,1830,1697,2164
3740,1315,272,80
3741,1900,1919,1928
3742,1928,1919,1937
3743,1919,1967,1966
3744,1937,1919,1966
3745,1848,2173,1699
3746,2172,1699,2173
3747,2061,2071,2090
3748,802,2466,2058
3749,2238,1735,2239
3750,1504,1356,1684
3751,1357,1685,1475
3752,1966,1967,1787
3753,1967,1968,1787
3754,2064,2109,2155
3755,2064,1213,2109
3756,2109,1213,502
3757,272,2092,1017
3758,272,1982,2092
3759,531,1885,2154
3760,2033,2020,1946
3761,215,1809,584
3762,1911,542,2013
3763,1389,2050,1536
3764,1871,1872,1909
3765,1983,2044,1213
3766,596,1911,1885
3767,1592,2145,2099
3768,2070,2061,2089
3769,2033,2045,1981
3770,2033,1946,2045
3771,1213,2044,2115
3772,1872,1886,1909
3773,1886,1900,1909
3774,1561,1446,1105
3775,2162,430,1956
3776,1947,1971,1935
3777,1971,1947,1991
3778,2013,2014,2012
3779,1852,2013,2012
3780,1549,1883,1852
3781,1946,2467,1993
3782,1354,1549,2153
3783,1354,1883,1549
3784,2080,2107,2127
3785,2023,1964,1491
3786,2023,2031,1964
3787,2115,1603,802
3788,1900,1910,1919
3789,1938,1967,1919
3790,1910,1938,1919
3791,871,1625,1665
3792,2061,2090,2119
3793,1818,1926,1758
3794,1020,1673,1779
3795,871,1672,1755
3796,1549,500,2170
3797,1377,1549,2170
3798,2145,2161,2144
3799,1357,481,191
3800,2108,2119,2118
3801,1865,1871,2226
3802,1390,2011,1859
3803,2135,2136,2160
3804,2161,1660,235
3805,1886,1893,1900
3806,1900,1893,1910
3807,504,1706,205
3808,2119,2136,2135
3809,2141,2163,1673
3810,1859,2011,1860
3811,1893,1938,1910
3812,2079,2059,2117
3813,2161,235,507
3814,2163,1814,1741
3815,1017,2092,1536
3816,2153,1377,2160
3817,2040,2097,2490
3818,2042,2041,2031
3819,1107,1017,1536
3820,1464,2093,1807
3821,501,1642,1660
3822,2466,1617,1655
3823,2118,2135,2134
3824,2118,2107,2070
3825,877,1182,1194
3826,2100,1593,1592
3827,2032,2369,2062
3828,2481,2490,2097
3829,1281,2405,1274
3830,2002,1947,1955
3831,2042,2031,2023
3832,2024,2042,2023
3833,2153,1549,1377
3834,1794,2497,1763
3835,2141,1547,2163
3836,2430,2453,2421
3837,1980,2010,1992
3838,2348,2390,2361
3839,501,2161,2145
3840,2024,2023,2359
3841,2128,2119,2090
3842,1731,1984,2006
3843,2170,1307,208
3844,1929,1994,2040
3845,1389,1237,2050
3846,1865,1877,1886
3847,1877,1893,1886
3848,1964,2031,2010
3849,873,2479,2491
3850,2070,2107,2068
3851,1357,1730,481
3852,429,2020,2033
3853,1964,2002,1963
3854,1854,1888,830
3855,1667,1772,2149
3856,1389,2155,1237
3857,897,868,1902
3858,2390,2406,2361
3859,2120,2110,2073
3860,1547,1258,2163
3861,2098,2128,2090
3862,1549,1852,500
3863,1852,1851,500
3864,951,2016,968
3865,2084,2120,2073
3866,2129,2005,1390
3867,2143,1366,542
3868,2099,2145,2098
3869,1544,1318,112
3870,1902,1921,897
3871,1921,1930,897
3872,584,2169,1640
3873,2006,2016,951
3874,2016,2073,968
3875,1557,1752,1812
3876,836,2004,1516
3877,2004,2005,2129
3878,1531,1473,1527
3879,2002,1980,1947
3880,2069,2070,2068
3881,1921,918,1930
3882,2016,2084,2073
3883,2084,2103,2120
3884,2099,2098,2081
3885,2155,2109,2033
3886,504,2473,2003
3887,1902,870,1921
3888,1921,1951,918
3889,918,1951,1984
3890,1984,2000,2006
3891,2000,2035,2016
3892,2006,2000,2016
3893,2016,2035,2084
3894,2035,2046,2084
3895,2046,2074,2084
3896,2074,2103,2084
3897,1947,1992,2022
3898,2399,2421,2406
3899,2010,2069,1992
3900,2032,2042,2024
3901,2011,2014,1697
3902,1875,1337,2164
3903,870,1939,1921
3904,1984,1975,2000
3905,2120,2103,2142
3906,1050,1412,1455
3907,2357,1361,2378
3908,1858,1788,1869
3909,2089,2108,2070
3910,1404,1397,1884
3911,1885,1883,1354
3912,1921,1959,1951
3913,1951,1959,1984
3914,1959,1975,1984
3915,1955,1947,1935
3916,2134,208,2127
3917,2156,1874,1211
3918,2159,2167,2168
3919,1899,1460,1917
3920,2000,2017,2035
3921,2074,2085,2103
3922,2110,2141,2102
3923,1936,1955,1935
3924,2022,2069,2060
3925,2134,2127,2107
3926,2041,2070,2010
3927,2137,412,2382
3928,2032,2071,2042
3929,1921,1939,1959
3930,2069,2068,2060
3931,2068,2107,2060
3932,2107,2118,2134
3933,1854,1903,1888
3934,1888,1903,870
3935,870,1903,1939
3936,1975,2017,2000
3937,2035,2017,2046
3938,2121,2142,2103
3939,215,1641,488
3940,2147,983,2142
3941,1974,1973,1966
3942,2156,1682,1515
3943,1613,1592,1593
3944,2268,2269,2275
3945,1925,2146,28
3946,2081,2090,2071
3947,429,502,2058
3948,1903,1904,1939
3949,1939,1960,1959
3950,1960,1975,1959
3951,2086,2085,2074
3952,2064,2155,1389
3953,1819,1837,1899
3954,533,1307,836
3955,2166,272,1017
3956,830,1849,1854
3957,2018,2036,2017
3958,2017,2036,2046
3959,2036,2074,2046
3960,2085,2094,2103
3961,2094,2121,2103
3962,2121,2147,2142
3963,1925,1212,1994
3964,1404,1884,1760
3965,2005,2012,2011
3966,2210,2232,2215
3967,1854,1889,1903
3968,1903,1894,1904
3969,1904,1931,1939
3970,1960,1976,1975
3971,1975,1985,2017
3972,2483,2475,1517
3973,1869,1410,1858
3974,1547,2141,2110
3975,1903,1889,1894
3976,1894,1931,1904
3977,1939,1931,1960
3978,1975,1976,1985
3979,1985,2007,2017
3980,2017,2007,2018
3981,2086,2074,2036
3982,2086,2094,2085
3983,2093,1390,1859
3984,1851,1852,2005
3985,1852,2012,2005
3986,928,978,849
3987,1854,1873,1889
3988,2007,2027,2018
3989,1992,2069,2022
3990,1704,1798,1997
3991,1490,2146,205
3992,1850,1855,1854
3993,1894,1889,1873
3994,2037,2018,2027
3995,2037,2047,2036
3996,2018,2037,2036
3997,2047,2066,2086
3998,2036,2047,2086
3999,2086,2066,2094
4000,2094,2148,2121
4001,2148,2147,2121
4002,1307,2004,836
4003,208,1307,1386
4004,1600,2101,1926
4005,253,169,200
4006,1799,1402,1762
4007,1509,1345,1739
4008,869,870,1902
4009,1918,1649,1618
4010,2147,1666,1752
4011,1931,1922,1960
4012,1976,1952,1985
4013,2066,2111,2094
4014,2111,2148,2094
4015,2147,2148,1666
4016,2421,2420,2406
4017,1925,2025,1212
4018,1911,2143,542
4019,2127,1386,2152
4020,1732,1509,1739
4021,989,852,2488
4022,502,1213,802
4023,1920,430,2162
4024,2145,2144,2128
4025,2143,1920,2162
4026,1854,1855,1873
4027,1894,1922,1931
4028,1922,1940,1960
4029,1960,1940,1976
4030,2047,2075,2066
4031,2075,2112,2066
4032,2066,2112,2111
4033,1722,1899,1936
4034,1869,1899,1722
4035,1366,2162,1337
4036,519,1345,1509
4037,1697,1830,1860
4038,1983,1918,2044
4039,1894,1890,1922
4040,2007,1985,2027
4041,1947,1980,1992
4042,1882,1345,519
4043,1882,1813,1345
4044,1929,205,2146
4045,2498,2485,1446
4046,1890,1905,1922
4047,1922,1952,1940
4048,1952,1976,1940
4049,1952,1986,1985
4050,2112,2122,2111
4051,2122,2148,2111
4052,1386,1307,1225
4053,1598,1687,1345
4054,2092,1389,1536
4055,2002,2010,1980
4056,1986,2027,1985
4057,2037,2048,2047
4058,2047,2048,2075
4059,1812,1666,2148
4060,2122,1812,2148
4061,1460,1468,1963
4062,1756,1509,1742
4063,504,1929,1998
4064,2222,1783,1788
4065,1531,1521,1650
4066,1905,1912,1922
4067,1912,1942,1922
4068,1942,1941,1922
4069,1922,1941,1952
4070,1941,1986,1952
4071,1307,1851,2004
4072,2052,1813,1882
4073,1732,1739,1540
4074,2153,1885,1354
4075,1502,1527,1473
4076,1873,1878,1894
4077,1894,1878,1890
4078,2075,2123,2112
4079,2112,2123,2122
4080,1895,1890,1878
4081,1890,1895,1905
4082,1941,1961,1986
4083,1961,2008,2027
4084,1986,1961,2027
4085,2008,2037,2027
4086,2108,2118,2070
4087,1917,1955,1936
4088,1850,1863,1855
4089,1895,1896,1905
4090,1905,1896,1912
4091,1942,1961,1941
4092,2048,2076,2075
4093,2123,2124,2122
4094,1929,2146,1925
4095,1901,1893,1877
4096,481,1509,1756
4097,2128,2136,2119
4098,502,802,2058
4099,1846,1856,1850
4100,1850,1856,1863
4101,2038,2037,2008
4102,2037,2038,2048
4103,2075,2076,2123
4104,2149,1812,2122
4105,481,519,1509
4106,1993,1820,2045
4107,2043,2003,1763
4108,1863,1866,1855
4109,1866,1873,1855
4110,1896,1943,1912
4111,1942,1943,1961
4112,2123,2125,2124
4113,2149,2122,2124
4114,2098,2145,2128
4115,2040,1994,2097
4116,1604,1640,2150
4117,1846,1958,1856
4118,1873,1866,1878
4119,1912,1943,1942
4120,1943,1962,1961
4121,2076,2095,2123
4122,2095,2125,2123
4123,2125,2149,2124
4124,940,1649,1918
4125,2134,2135,208
4126,1883,1885,2013
4127,2048,2028,2076
4128,1387,2126,1388
4129,1388,2126,1565
4130,1929,1925,1994
4131,940,1918,1315
4132,2109,502,429
4133,1866,1879,1878
4134,1878,1879,1895
4135,1896,1906,1943
4136,1962,1977,1961
4137,1961,1977,2008
4138,2038,2028,2048
4139,2076,2077,2095
4140,821,822,826
4141,2165,1667,2149
4142,80,940,1315
4143,2203,2215,2202
4144,2010,2070,2069
4145,1879,1891,1895
4146,1891,1906,1896
4147,1895,1891,1896
4148,1906,1913,1943
4149,1977,2009,2008
4150,2009,2038,2008
4151,1687,1739,1345
4152,1788,1819,1869
4153,2129,1390,2093
4154,1943,1944,1962
4155,2028,2077,2076
4156,1766,2149,2125
4157,1766,2165,2149
4158,802,2021,2466
4159,1502,1926,2101
4160,1913,1953,1943
4161,1943,1953,1944
4162,1962,1969,1977
4163,2077,2104,2095
4164,2104,2125,2095
4165,1964,2010,2002
4166,191,1625,1357
4167,2100,1558,1593
4168,1929,2040,1998
4169,1697,1875,2164
4170,1397,1870,890
4171,2164,1337,1680
4172,1969,2009,1977
4173,2009,2029,2028
4174,2038,2009,2028
4175,2029,2054,2077
4176,2028,2029,2077
4177,1848,1847,2174
4178,1870,1861,890
4179,542,2014,2013
4180,1856,1857,1863
4181,1863,1857,1866
4182,1962,1944,1969
4183,2054,2087,2077
4184,2077,2087,2104
4185,2104,2130,2125
4186,2125,2130,1766
4187,2062,2082,2032
4188,2160,2170,208
4189,2031,2041,2010
4190,1812,2149,1772
4191,1913,1907,1953
4192,1969,1978,2009
4193,2087,2130,2104
4194,2014,542,1875
4195,1693,1691,1047
4196,1394,2206,1858
4197,1394,1392,2206
4198,1729,1783,1735
4199,2499,2465,2469
4200,1708,1700,1756
4201,1944,1978,1969
4202,2029,2049,2054
4203,2349,2316,2285
4204,2153,2154,1885
4205,870,859,1888
4206,2160,208,2135
4207,2496,2462,2492
4208,2189,2203,2202
4209,1799,2178,1403
4210,2476,2468,1384
4211,1384,1714,2476
4212,2127,208,1386
4213,1857,1867,1866
4214,1866,1880,1879
4215,1892,1891,1879
4216,1880,1892,1879
4217,1892,1906,1891
4218,1906,1907,1913
4219,1953,1978,1944
4220,1978,1979,2009
4221,2130,2158,1766
4222,1764,92,338
4223,1760,1876,1404
4224,522,1346,514
4225,1540,2156,1737
4226,2143,2162,1366
4227,1379,1388,1565
4228,2316,2391,2315
4229,1993,2497,1800
4230,1866,1867,1880
4231,1979,2049,2029
4232,2009,1979,2029
4233,2049,2088,2054
4234,2054,2088,2087
4235,2087,2113,2130
4236,1537,1650,1658
4237,2144,2154,2128
4238,2139,28,1927
4239,2369,2032,2024
4240,2251,2238,2239
4241,2238,2251,1861
4242,2391,2390,2315
4243,2468,2500,1384
4244,2476,1714,1709
4245,501,1613,1642
4246,2437,1226,2430
4247,1914,1906,1892
4248,1914,1907,1906
4249,1953,1907,1978
4250,1907,1987,1978
4251,1978,1987,1979
4252,2113,2158,2130
4253,2154,2153,2128
4254,507,1965,2143
4255,871,1755,1625
4256,1709,1714,1504
4257,235,1965,507
4258,2271,2283,1397
4259,2324,2354,2318
4260,1547,2120,1778
4261,1531,1527,1521
4262,1979,2055,2049
4263,2049,2055,2088
4264,2012,2014,2011
4265,1963,2002,1955
4266,2005,2011,1390
4267,1564,1926,1502
4268,2243,2242,2225
4269,4,1714,1384
4270,1857,1847,1867
4271,1914,1945,1907
4272,1945,1987,1907
4273,1979,2019,2055
4274,2114,2158,2113
4275,2091,2082,2062
4276,1397,2283,1686
4277,2161,2154,2144
4278,518,2474,2487
4279,2157,4,1384
4280,4,1504,1714
4281,1691,1693,1504
4282,1987,2019,1979
4283,2114,2168,2158
4284,2168,2167,2158
4285,2082,2081,2071
4286,1315,1983,1982
4287,1487,1618,1649
4288,2082,2071,2032
4289,2360,1209,1232
4290,1932,1945,1914
4291,2055,2078,2088
4292,2087,2114,2113
4293,2098,2090,2081
4294,2161,531,2154
4295,1851,2005,2004
4296,2022,2060,2051
4297,2175,2183,2174
4298,2161,984,531
4299,1908,1892,1880
4300,1908,1914,1892
4301,1987,2039,2019
4302,2039,2055,2019
4303,2088,2078,2087
4304,2087,2078,2114
4305,1781,1443,1881
4306,1215,1214,2319
4307,866,1938,1893
4308,866,902,1938
4309,1371,2397,1378
4310,1862,503,2026
4311,2157,1384,503
4312,1867,1781,1880
4313,1908,1932,1914
4314,2039,1987,1945
4315,1480,2023,1491
4316,2119,2135,2118
4317,1521,1527,1517
4318,1870,1397,1404
4319,1220,1407,1398
4320,1356,4,2157
4321,2178,1799,1762
4322,1867,1864,1781
4323,1881,1880,1781
4324,1881,1908,1880
4325,2039,2056,2055
4326,2105,2078,2055
4327,2056,2105,2055
4328,2105,2131,2078
4329,2131,2114,2078
4330,2114,2131,2168
4331,531,984,596
4332,2091,2099,2081
4333,1209,1220,1398
4334,1398,1232,1209
4335,2129,2001,1516
4336,1848,1864,1867
4337,1932,2039,1945
4338,51,1268,29
4339,1666,1812,1752
4340,1996,1379,1672
4341,939,1007,1087
4342,1946,1993,2045
4343,1881,1915,1908
4344,1923,1932,1908
4345,1532,2039,1932
4346,1532,1533,2039
4347,2057,2039,1533
4348,2057,2056,2039
4349,1237,190,1767
4350,1996,1388,1379
4351,1874,1540,1553
4352,1853,503,1862
4353,1853,2157,503
4354,2395,1274,2405
4355,2425,2442,152
4356,1915,1923,1908
4357,1924,1934,1933
4358,1869,1722,1425
4359,2057,2096,2056
4360,2096,2105,2056
4361,2131,2150,2168
4362,2150,2159,2168
4363,1105,1634,1561
4364,1956,1767,1680
4365,1956,2050,1767
4366,525,534,32
4367,1613,1593,1608
4368,2232,2228,2215
4369,2495,2026,2083
4370,2495,1862,2026
4371,2116,1853,1862
4372,2015,2157,1853
4373,2015,1503,1356
4374,2157,2015,1356
4375,1113,235,1660
4376,2128,2153,2136
4377,2132,2105,2096
4378,2490,1998,2040
4379,2050,1237,1767
4380,2060,2107,2080
4381,2188,2194,2185
4382,2347,2348,2361
4383,1700,191,481
4384,504,1736,1706
4385,2132,2131,2105
4386,2131,2132,2150
4387,2150,2169,2159
4388,501,1660,2161
4389,1997,1388,1996
4390,2296,2351,2328
4391,2351,2363,2328
4392,2393,2413,2363
4393,2351,2393,2363
4394,2401,511,2414
4395,2254,2253,2242
4396,2445,1364,2455
4397,2270,2281,2297
4398,845,2282,2263
4399,2292,2309,2317
4400,2253,2294,2293
4401,2282,2289,2277
4402,2269,2293,2292
4403,2422,2454,2399
4404,2280,2286,2266
4405,2189,2190,2203
4406,2270,2262,2281
4407,2333,2328,2363
4408,2423,2431,2408
4409,2281,2262,2297
4410,1408,1658,1957
4411,2262,2301,2297
4412,2296,2328,2295
4413,1255,445,2345
4414,1957,2501,2477
4415,2436,2398,2443
4416,262,2365,2358
4417,848,826,822
4418,2310,2324,2289
4419,2498,2378,2433
4420,2445,2455,2422
4421,946,2357,2378
4422,2498,946,2378
4423,2204,2194,2211
4424,2244,2236,2226
4425,2244,2255,2236
4426,2255,2262,2270
4427,555,570,2304
4428,1527,2067,1517
4429,2423,2438,2431
4430,2301,2351,2296
4431,1865,2236,825
4432,2247,2241,2210
4433,2333,2363,2362
4434,2234,2243,2225
4435,2254,2294,2253
4436,2328,2323,2295
4437,2438,2446,1972
4438,2328,2333,2323
4439,2408,2431,2413
4440,2292,2317,2275
4441,865,2424,2415
4442,1486,1492,2371
4443,2236,2230,2229
4444,2414,511,16
4445,2034,1235,25
4446,920,2137,687
4447,2490,2481,2461
4448,5,180,196
4449,2480,947,1794
4450,2137,2382,2381
4451,2376,2393,2351
4452,2376,505,2393
4453,2393,505,2401
4454,2400,2401,2414
4455,2393,2401,2400
4456,2317,2325,2275
4457,2438,2456,2431
4458,2297,2301,2296
4459,2243,2248,2242
4460,2403,1099,2381
4461,2237,2244,2226
4462,2244,2256,2255
4463,2256,2262,2255
4464,2323,2333,2327
4465,2256,2288,2262
4466,2288,2301,2262
4467,2235,2230,2249
4468,2137,2381,687
4469,2382,2403,2381
4470,1099,2403,2342
4471,2352,2351,2301
4472,2352,2376,2351
4473,2236,2229,2219
4474,2334,2354,2324
4475,2307,2339,2314
4476,2252,2268,2275
4477,2310,2334,2324
4478,2438,2423,510
4479,2267,2266,2247
4480,2382,412,2403
4481,122,970,831
4482,2233,2242,2268
4483,2224,2212,2233
4484,2218,2212,2224
4485,2194,2195,2211
4486,1543,2417,1548
4487,412,865,2403
4488,2403,865,2415
4489,2415,2416,2403
4490,2403,2416,2342
4491,2414,2408,2400
4492,2195,2218,2211
4493,2267,2247,2217
4494,2205,2213,2196
4495,2416,2331,2342
4496,2342,2331,831
4497,2329,2301,2288
4498,2329,2352,2301
4499,2452,2453,514
4500,2217,2247,2216
4501,2217,2216,2204
4502,2275,2280,2267
4503,2177,2196,2176
4504,2196,2188,2176
4505,2331,2065,831
4506,831,2065,122
4507,2230,2235,2229
4508,668,949,1143
4509,2216,2210,2198
4510,1215,1208,1216
4511,2065,2364,122
4512,2229,2225,2213
4513,2289,2324,2303
4514,2324,2318,2303
4515,2216,2247,2210
4516,2190,2191,2198
4517,509,524,2034
4518,2416,1916,2331
4519,2331,1916,2065
4520,2407,2412,2340
4521,2247,2266,2241
4522,2325,2332,2280
4523,1339,2364,2065
4524,2439,1301,1339
4525,2225,2229,2234
4526,1152,1162,1115
4527,2430,2454,2437
4528,2415,2424,2416
4529,2494,2473,2461
4530,2289,2303,2276
4531,824,2226,1871
4532,150,238,1037
4533,8,150,1037
4534,544,927,2380
4535,2439,2405,1383
4536,927,1595,2380
4537,2185,2187,2184
4538,2455,25,1887
4539,2286,2332,2261
4540,2424,2341,2416
4541,2341,1916,2416
4542,1916,876,2065
4543,2335,1339,2065
4544,2335,2439,1339
4545,2327,2350,2326
4546,824,2237,2226
4547,2350,2367,2326
4548,1221,2387,1210
4549,677,755,733
4550,427,262,1342
4551,2187,2190,2189
4552,2340,2375,2332
4553,2065,876,2335
4554,2289,2276,2277
4555,738,633,591
4556,674,303,13
4557,2383,674,13
4558,2198,2210,2203
4559,2190,2198,2203
4560,2321,2317,2309
4561,2286,2261,2232
4562,2184,2187,2183
4563,2385,2424,844
4564,2383,571,674
4565,1127,122,2364
4566,831,970,2342
4567,2187,2185,2190
4568,2184,2183,2175
4569,2344,1916,2341
4570,2344,876,1916
4571,2335,2405,2439
4572,970,1099,2342
4573,2298,2288,2256
4574,2298,2302,2288
4575,2248,2254,2242
4576,505,512,511
4577,2436,954,1218
4578,1586,2397,1323
4579,876,2395,2335
4580,2335,2395,2405
4581,2462,2478,878
4582,2375,2411,2349
4583,2280,2266,2267
4584,2302,2329,2288
4585,623,634,158
4586,1995,2355,1560
4587,2448,2435,1995
4588,2355,2053,2450
4589,927,2397,1586
4590,2332,2349,2261
4591,2034,25,2455
4592,2345,2341,2424
4593,2345,2344,2341
4594,1543,2379,2417
4595,2411,2391,2349
4596,621,508,1150
4597,2435,2053,1995
4598,544,2450,927
4599,2325,2340,2332
4600,2345,2424,2385
4601,1364,2034,2455
4602,2368,2376,2352
4603,2368,505,2376
4604,2450,899,927
4605,899,2397,927
4606,1234,1887,1243
4607,2336,2344,2345
4608,876,771,2395
4609,771,1274,2395
4610,2431,2445,2413
4611,2293,2294,2309
4612,2368,2329,827
4613,2417,2418,2435
4614,2449,2428,2435
4615,2435,2428,2053
4616,2489,2493,1655
4617,1320,154,2337
4618,1255,2345,2385
4619,2447,876,2344
4620,876,2447,771
4621,2445,2422,2413
4622,2350,2333,2362
4623,2242,2253,2268
4624,2379,2418,2417
4625,2418,2449,2435
4626,2282,2277,2263
4627,821,2196,822
4628,1007,1758,1564
4629,2447,2344,2336
4630,2269,2292,2275
4631,2322,2323,2327
4632,2428,1011,2053
4633,2225,2242,2212
4634,2394,324,771
4635,2369,2366,2379
4636,2053,2434,2450
4637,2434,2396,2450
4638,2450,2396,899
4639,1773,1973,1974
4640,2304,2289,2282
4641,845,2304,2282
4642,2319,1214,2284
4643,2138,2447,2336
4644,2447,2394,771
4645,1231,1230,1215
4646,2271,2284,2283
4647,2366,2370,2379
4648,2370,2404,2379
4649,2379,2404,2418
4650,2418,2428,2449
4651,2428,175,1011
4652,2396,2372,899
4653,2372,2397,899
4654,2372,1378,2397
4655,2371,1499,1507
4656,1132,1302,1141
4657,2251,2272,2271
4658,890,2251,2271
4659,2418,2404,2428
4660,2404,2429,2428
4661,2428,2429,175
4662,2188,2185,2180
4663,2211,2218,2217
4664,2311,2138,2336
4665,2138,2383,2447
4666,2447,2383,2394
4667,898,854,842
4668,2271,2272,2284
4669,2330,2302,2298
4670,175,2434,2053
4671,1011,175,2053
4672,2176,2184,2175
4673,2217,2218,2224
4674,1215,1219,1214
4675,2377,2138,2311
4676,2383,13,2394
4677,2323,2294,2254
4678,2239,2272,2251
4679,2370,2386,2404
4680,2409,2429,2404
4681,2429,2441,175
4682,2434,2343,2396
4683,2396,2343,2372
4684,2455,1887,2454
4685,2241,2266,2232
4686,2232,2261,2228
4687,2377,2383,2138
4688,2322,2309,2294
4689,2322,2321,2309
4690,2239,2273,2272
4691,973,840,989
4692,2489,1446,2485
4693,2386,2409,2404
4694,2441,2140,175
4695,2343,1777,2372
4696,971,1378,2372
4697,1777,971,2372
4698,1378,971,427
4699,1210,2436,1222
4700,1227,1214,1219
4701,701,2377,2311
4702,16,517,2414
4703,1887,25,1243
4704,2323,2322,2294
4705,2304,2310,2289
4706,2306,2284,2272
4707,2273,2306,2272
4708,2306,2319,2284
4709,2368,530,505
4710,2434,2257,2343
4711,2295,2323,2287
4712,1232,1216,2360
4713,2359,2370,2366
4714,2409,2441,2429
4715,175,2140,2257
4716,175,2257,2434
4717,538,2330,65
4718,2349,2391,2316
4719,2267,2224,2252
4720,1507,1499,2370
4721,2359,1507,2370
4722,2370,1499,2386
4723,971,2365,427
4724,1625,1685,1357
4725,1758,1806,1818
4726,2276,2256,2244
4727,2276,2298,2256
4728,1783,2227,1735
4729,2264,2239,1735
4730,2227,2264,1735
4731,2264,2273,2239
4732,1208,2319,2306
4733,2319,1208,1215
4734,1554,1583,1559
4735,2386,1499,2371
4736,2409,2419,2441
4737,2432,971,1777
4738,2432,2365,971
4739,954,521,1224
4740,2338,2306,2273
4741,2371,1492,2386
4742,2410,2419,2409
4743,2419,953,2441
4744,2441,953,2140
4745,2343,2432,1777
4746,2204,2211,2217
4747,2327,2333,2350
4748,2393,2400,2413
4749,2249,2255,2270
4750,2338,1208,2306
4751,2327,2321,2322
4752,865,844,2424
4753,2,315,892
4754,2386,2410,2409
4755,2440,2140,953
4756,2140,2440,2257
4757,2353,2432,2343
4758,2253,2293,2269
4759,2268,2253,2269
4760,862,2304,845
4761,2440,2353,2257
4762,2257,2353,2343
4763,2318,2354,50
4764,2222,2227,1783
4765,1492,2410,2386
4766,1559,2448,1554
4767,2287,2323,2254
4768,824,2250,2237
4769,2250,2244,2237
4770,1298,83,1311
4771,2245,2264,2227
4772,2312,2273,2264
4773,2312,2338,2273
4774,2250,2276,2244
4775,2318,50,2330
4776,890,1861,2251
4777,2442,953,2419
4778,2442,2440,953
4779,510,2446,2438
4780,2241,2232,2210
4781,187,14,813
4782,2442,2425,2440
4783,2425,2353,2440
4784,2305,2402,2432
4785,2432,2402,2365
4786,538,2302,2330
4787,2245,2227,2222
4788,1029,1818,1806
4789,2353,2305,2432
4790,2412,2411,2375
4791,2437,2454,1887
4792,1847,1856,2175
4793,2206,2207,2222
4794,2207,2245,2222
4795,1208,2338,1216
4796,2338,2360,1216
4797,1220,1209,2387
4798,553,108,77
4799,385,1374,94
4800,2326,2325,2317
4801,2178,2181,1392
4802,2181,2207,1392
4803,1392,2207,2206
4804,2360,2398,2387
4805,2387,2398,1210
4806,2305,2353,2425
4807,2402,2358,2365
4808,2213,2225,2212
4809,2267,2252,2275
4810,888,2199,2178
4811,2199,2181,2178
4812,2199,2220,2181
4813,2220,2207,2181
4814,2313,2264,2245
4815,2313,2312,2264
4816,2338,2373,2360
4817,2477,2433,2378
4818,2204,2216,2198
4819,2207,2258,2245
4820,2258,2274,2245
4821,2313,2320,2312
4822,2312,2346,2338
4823,2346,2373,2338
4824,2373,2398,2360
4825,152,153,2425
4826,153,2305,2425
4827,2384,2358,2402
4828,2220,2258,2207
4829,2305,2356,2402
4830,2356,2384,2402
4831,2236,2255,2230
4832,2171,2179,888
4833,2179,2199,888
4834,2199,2200,2220
4835,2245,2290,2313
4836,2373,2443,2398
4837,570,554,2310
4838,2191,2204,2198
4839,2172,2179,2171
4840,2278,2245,2274
4841,2278,2290,2245
4842,2291,2313,2290
4843,2320,2361,2312
4844,2361,2346,2312
4845,2346,2388,2373
4846,2443,954,2436
4847,2291,2290,2278
4848,2451,2443,2373
4849,2053,2355,1995
4850,2337,2305,153
4851,2185,2191,2190
4852,2192,2200,2199
4853,2258,2220,2200
4854,2246,2258,2200
4855,2451,954,2443
4856,2277,2276,2250
4857,2337,2356,2305
4858,2180,2185,2184
4859,2275,2325,2280
4860,2431,2456,2445
4861,2197,2200,2192
4862,2197,2231,2200
4863,2231,2246,2200
4864,2388,2451,2373
4865,2451,1629,954
4866,1402,1748,1443
4867,1554,1995,1560
4868,2356,2426,2384
4869,2384,2427,229
4870,2408,2414,2423
4871,2303,2330,2298
4872,2192,2199,2179
4873,2444,2451,2388
4874,1564,1758,1926
4875,2379,1543,2369
4876,2337,2426,2356
4877,2426,2427,2384
4878,229,221,252
4879,2201,2197,2192
4880,2201,2208,2197
4881,2208,2240,2197
4882,2240,2231,2197
4883,2265,2274,2258
4884,2364,1339,1127
4885,2414,517,2423
4886,2337,169,2426
4887,169,2427,2426
4888,2180,2184,2176
4889,2195,2194,2188
4890,2182,2192,2179
4891,2452,1629,2451
4892,2196,2213,2188
4893,2400,2408,2413
4894,821,2219,2196
4895,1209,2360,2387
4896,2186,2192,2182
4897,2186,2201,2192
4898,2265,2278,2274
4899,2278,2299,2291
4900,2374,2346,2361
4901,2374,2389,2346
4902,2389,2388,2346
4903,2452,2451,2444
4904,1346,1629,2452
4905,1629,1346,521
4906,2219,2205,2196
4907,2261,2349,2285
4908,169,253,2427
4909,2456,1972,2445
4910,1972,1364,2445
4911,2173,2182,2179
4912,2193,2201,2186
4913,2221,2240,2208
4914,2221,2259,2240
4915,2265,2258,2246
4916,2389,2444,2388
4917,2263,2250,824
4918,2362,2367,2350
4919,2325,2392,2340
4920,1854,1849,1850
4921,2209,2208,2201
4922,2209,2221,2208
4923,2260,2259,2221
4924,2279,2278,2265
4925,2279,2299,2278
4926,250,262,2358
4927,2276,2303,2298
4928,2219,2229,2205
4929,2201,2193,2209
4930,2212,2242,2233
4931,2327,2326,2321
4932,2293,2309,2292
4933,2213,2195,2188
4934,2195,2212,2218
4935,2223,2221,2209
4936,2420,2389,2374
4937,2205,2229,2213
4938,2193,2202,2209
4939,2223,2260,2221
4940,2420,2444,2389
4941,2321,2326,2317
4942,2392,2407,2340
4943,1364,1972,509
4944,2215,2209,2202
4945,2215,2223,2209
4946,2265,2307,2279
4947,2279,2307,2299
4948,2406,2420,2374
4949,2174,2182,2173
4950,2193,2189,2202
4951,2453,2444,2420
4952,521,1346,522
4953,2455,2454,2422
4954,822,2196,2177
4955,2280,2332,2286
4956,2187,2186,2182
4957,2187,2189,2193
4958,2186,2187,2193
4959,2307,2314,2299
4960,2406,2374,2361
4961,2442,2419,2502
4962,2419,2410,2502
4963,2410,1492,2502
4964,1492,1486,2502
4965,1486,1317,2502
4966,1317,1319,2502
4967,1319,2442,2502
