0,-0.003410,0.130320,0.021754
1,-0.081719,0.152501,0.029656
2,-0.030543,0.124779,0.001098
3,-0.024902,0.112111,0.037560
4,-0.018406,0.178431,-0.024220
5,0.019068,0.121449,0.031968
6,0.006041,0.124944,0.032653
7,-0.013469,0.162994,-0.012000
8,-0.034393,0.172367,-0.000982
9,-0.084314,0.109573,0.003710
10,-0.042234,0.172116,-0.004180
11,-0.063308,0.156606,-0.013839
12,-0.076904,0.167080,-0.026931
13,-0.072254,0.115396,0.051670
14,0.012981,0.113664,0.038303
15,-0.037857,0.170101,0.001424
16,0.004869,0.037962,0.045868
17,-0.057181,0.040919,0.046301
18,-0.045209,0.038839,0.044504
19,-0.033761,0.126179,0.001713
20,-0.050242,0.157737,0.009394
21,-0.021217,0.158879,-0.004692
22,-0.056473,0.157784,0.008179
23,-0.052802,0.041320,0.046170
24,-0.049960,0.043102,0.044463
25,-0.029749,0.036540,0.052493
26,-0.003544,0.042660,0.047542
27,0.004930,0.041983,0.045723
28,-0.039088,0.168720,-0.011925
29,-0.056901,0.045437,0.043237
30,-0.041245,0.043099,0.042130
31,-0.026472,0.045035,0.051219
32,-0.021867,0.044023,0.053244
33,-0.036996,0.168993,0.001326
34,-0.067217,0.161713,-0.013734
35,0.049760,0.070235,0.023732
36,-0.049187,0.046411,0.041170
37,-0.044590,0.043798,0.042685
38,-0.043686,0.047155,0.040286
39,-0.022492,0.046514,0.051885
40,-0.006517,0.045036,0.047503
41,0.000377,0.044936,0.046520
42,0.034024,0.113539,0.024595
43,-0.026468,0.181043,-0.008081
44,-0.017533,0.047964,0.048830
45,-0.007001,0.046417,0.047486
46,0.005986,0.046689,0.049074
47,0.009101,0.048474,0.049353
48,-0.035454,0.112448,0.035055
49,-0.075983,0.138208,0.049217
50,0.034838,0.043153,0.028954
51,-0.052656,0.048494,0.038731
52,-0.047379,0.048457,0.039127
53,-0.038934,0.046364,0.040365
54,-0.026469,0.047816,0.049323
55,-0.022366,0.048074,0.050127
56,-0.013373,0.047892,0.047884
57,-0.012193,0.049470,0.049484
58,-0.000634,0.047193,0.049137
59,0.002066,0.050105,0.052290
60,-0.022749,0.049884,0.046606
61,-0.018002,0.049918,0.046948
62,-0.007804,0.050169,0.050989
63,-0.002684,0.051247,0.053187
64,-0.063876,0.161401,-0.020064
65,0.032434,0.045334,0.030317
66,-0.088065,0.124968,0.000574
67,-0.041504,0.167485,0.003277
68,-0.064457,0.153429,-0.005118
69,-0.034303,0.050520,0.038286
70,-0.022949,0.051021,0.043926
71,-0.014355,0.054428,0.050710
72,0.001377,0.052303,0.053149
73,0.003629,0.053199,0.053423
74,0.008072,0.051574,0.051774
75,-0.072666,0.130056,0.051668
76,0.037993,0.049793,0.031902
77,0.038497,0.048062,0.031737
78,0.021504,0.125640,0.021253
79,-0.076481,0.148274,-0.008938
80,-0.087240,0.119672,-0.000178
81,-0.043720,0.168227,0.002343
82,-0.040652,0.122665,0.026290
83,-0.046686,0.054571,0.037587
84,-0.044072,0.051058,0.038978
85,-0.038144,0.050600,0.039302
86,-0.019876,0.051608,0.046142
87,-0.016911,0.051844,0.048459
88,-0.016249,0.054292,0.050307
89,-0.010447,0.053686,0.051959
90,-0.004309,0.054467,0.053908
91,0.007815,0.055051,0.052750
92,0.037955,0.104887,-0.003203
93,-0.079004,0.128505,0.053149
94,-0.079779,0.134489,0.050990
95,-0.059130,0.150397,0.034490
96,-0.065692,0.149618,0.038161
97,-0.031952,0.125184,0.019401
98,-0.069373,0.160618,-0.009190
99,-0.045226,0.129355,0.020378
100,-0.041879,0.056164,0.039797
101,-0.030615,0.054413,0.036694
102,-0.024788,0.052606,0.040840
103,-0.021589,0.056837,0.045467
104,-0.000243,0.054536,0.054641
105,-0.080901,0.125587,0.052155
106,-0.029996,0.178111,-0.005236
107,0.035515,0.050450,0.031440
108,0.043316,0.052146,0.032492
109,-0.063939,0.152627,0.034481
110,-0.044489,0.061078,0.039545
111,-0.038980,0.057996,0.040151
112,-0.079088,0.170445,-0.041373
113,-0.004625,0.057760,0.053991
114,-0.001499,0.055925,0.054631
115,0.005198,0.057018,0.053424
116,0.000031,0.123157,0.034750
117,0.033568,0.115237,0.021798
118,0.038686,0.056451,0.031189
119,-0.034386,0.054096,0.038060
120,-0.008531,0.060159,0.055309
121,-0.000440,0.058343,0.054483
122,-0.091079,0.115060,0.040142
123,0.040775,0.054557,0.032015
124,0.045637,0.057403,0.031992
125,0.020359,0.124487,0.025906
126,-0.014170,0.127679,0.001308
127,-0.011988,0.057493,0.052752
128,0.003251,0.059829,0.055464
129,-0.012395,0.122647,0.033588
130,0.013814,0.123222,0.032503
131,-0.077004,0.155213,0.024535
132,-0.028001,0.061075,0.037471
133,-0.000855,0.060594,0.055825
134,-0.038050,0.115271,0.033179
135,-0.016231,0.123829,0.029577
136,-0.025374,0.158400,-0.001480
137,-0.067819,0.154544,0.030234
138,-0.004308,0.061419,0.055688
139,-0.003196,0.119125,0.038350
140,-0.006429,0.122011,0.035741
141,0.042313,0.059099,0.030848
142,0.048510,0.061781,0.030347
143,0.050412,0.060313,0.030245
144,-0.039186,0.063075,0.041383
145,-0.034449,0.060780,0.039544
146,-0.014746,0.065584,0.053731
147,0.002665,0.062700,0.056525
148,-0.013992,0.119626,0.036252
149,0.019659,0.112362,0.037545
150,-0.032597,0.174987,-0.002595
151,-0.002151,0.099437,0.049850
152,-0.056001,0.061831,0.027931
153,-0.054707,0.063462,0.031671
154,-0.051308,0.060522,0.031435
155,-0.041979,0.069630,0.041825
156,-0.030272,0.062475,0.037982
157,-0.011388,0.064742,0.054918
158,0.006954,0.064700,0.055599
159,0.043015,0.097691,0.001026
160,0.040636,0.061575,0.029841
161,0.046184,0.061910,0.030223
162,0.037553,0.106853,0.026303
163,-0.078641,0.163872,-0.028388
164,-0.061996,0.147615,-0.004326
165,-0.005750,0.065489,0.056173
166,0.000254,0.065741,0.056569
167,-0.020543,0.119795,0.033004
168,0.004316,0.127826,0.028647
169,-0.046550,0.067652,0.039636
170,-0.017421,0.069659,0.054090
171,-0.015242,0.070910,0.055005
172,-0.010283,0.068926,0.055290
173,-0.000113,0.069288,0.056580
174,-0.036309,0.118769,0.030674
175,-0.070326,0.063368,0.019809
176,0.043023,0.063796,0.028039
177,0.042831,0.085556,0.027874
178,0.016982,0.127150,0.022931
179,-0.042121,0.128251,0.001075
180,0.016329,0.122519,0.031375
181,-0.081264,0.153812,0.025898
182,-0.032258,0.088193,-0.025131
183,-0.013775,0.070888,0.054696
184,0.005293,0.068006,0.055670
185,0.007696,0.072376,0.056062
186,0.003483,0.120026,0.036912
187,0.006653,0.116736,0.038716
188,0.046087,0.066474,0.026809
189,0.052327,0.064327,0.028282
190,-0.061898,0.122971,-0.008773
191,-0.006393,0.105245,-0.022842
192,-0.035218,0.068560,0.041381
193,-0.032690,0.067730,0.040124
194,-0.029245,0.069552,0.039369
195,-0.005002,0.069655,0.056893
196,0.016574,0.118902,0.035042
197,-0.089385,0.099024,0.017522
198,0.045719,0.069489,0.023549
199,0.054537,0.068797,0.024518
200,-0.044989,0.071577,0.041929
201,-0.004244,0.129149,0.025829
202,-0.073880,0.120916,0.053396
203,-0.074034,0.144069,0.044995
204,0.050400,0.067292,0.026851
205,-0.054057,0.156716,-0.002487
206,0.026148,0.120147,0.027308
207,-0.010736,0.129903,0.010994
208,-0.045079,0.087261,-0.021866
209,-0.038341,0.068844,0.041846
210,-0.029256,0.075169,0.041186
211,-0.047311,0.162960,0.006074
212,-0.011866,0.073184,0.056250
213,-0.006373,0.072184,0.057973
214,-0.002994,0.072186,0.058167
215,-0.025781,0.093778,-0.028388
216,-0.016693,0.115686,0.037853
217,-0.084123,0.108320,0.024731
218,-0.074294,0.163568,-0.015534
219,-0.094297,0.126177,0.019225
220,-0.035207,0.125052,0.021636
221,-0.049496,0.073436,0.041674
222,-0.033064,0.076655,0.041278
223,-0.007316,0.073920,0.057972
224,0.000022,0.073496,0.057697
225,0.004193,0.072915,0.056299
226,-0.077256,0.145659,0.043123
227,0.041073,0.088724,-0.009788
228,0.037419,0.108508,0.000340
229,-0.055111,0.074688,0.041940
230,-0.042740,0.076995,0.042804
231,-0.068531,0.156300,0.020998
232,-0.009944,0.076343,0.057389
233,-0.003248,0.075711,0.058715
234,0.013414,0.093074,0.051468
235,-0.073504,0.093883,-0.014752
236,-0.074472,0.135075,0.050689
237,-0.025851,0.121829,0.026080
238,-0.034023,0.175971,-0.003727
239,-0.075406,0.168391,-0.026793
240,-0.036658,0.075087,0.042007
241,-0.017795,0.077486,0.056087
242,-0.011379,0.079877,0.057699
243,-0.000104,0.076882,0.058191
244,0.002738,0.079106,0.056719
245,0.005568,0.076397,0.056327
246,-0.061896,0.154242,-0.019019
247,-0.072647,0.140989,0.046977
248,0.015800,0.129014,0.013237
249,-0.011703,0.097356,0.051592
250,-0.058922,0.077545,0.042961
251,-0.053121,0.077912,0.043335
252,-0.050746,0.076148,0.043138
253,-0.047402,0.075550,0.042630
254,-0.045056,0.078796,0.042341
255,-0.039518,0.078128,0.042919
256,-0.015246,0.082941,0.056935
257,-0.014558,0.076582,0.056493
258,-0.005941,0.079038,0.057970
259,0.037177,0.110644,0.018811
260,0.002393,0.131627,0.011955
261,-0.093644,0.117894,0.018662
262,-0.063940,0.078622,0.042084
263,-0.045376,0.082384,0.043282
264,-0.036505,0.081152,0.043162
265,-0.033244,0.082267,0.041852
266,-0.030801,0.080068,0.041798
267,-0.002058,0.080998,0.057554
268,0.008185,0.080756,0.055375
269,-0.012953,0.115936,0.038920
270,-0.078081,0.123519,0.052137
271,-0.026581,0.155677,-0.004196
272,-0.082472,0.116241,-0.002324
273,-0.027538,0.079965,0.047697
274,0.001256,0.083846,0.057446
275,0.006151,0.083406,0.056463
276,-0.062433,0.084035,0.044203
277,-0.059867,0.080541,0.043277
278,-0.055238,0.081999,0.044985
279,-0.054000,0.080568,0.044601
280,-0.050027,0.081311,0.044264
281,-0.041996,0.081084,0.042456
282,-0.039358,0.083631,0.043502
283,-0.086161,0.108386,0.018245
284,-0.086723,0.099917,0.003554
285,-0.022414,0.083284,0.055591
286,-0.016993,0.082556,0.057524
287,-0.012406,0.085223,0.057268
288,-0.007444,0.116934,0.039284
289,-0.002145,0.111433,0.042437
290,-0.075718,0.125227,0.053087
291,-0.077057,0.131935,0.052462
292,-0.061121,0.155697,0.022517
293,-0.037539,0.127441,0.015321
294,-0.002052,0.100935,0.045626
295,-0.064992,0.084551,0.044120
296,-0.057862,0.083944,0.044186
297,-0.045681,0.084988,0.044160
298,-0.035023,0.082888,0.042913
299,-0.029982,0.085402,0.043745
300,-0.088892,0.099209,0.009570
301,-0.019135,0.083475,0.057217
302,-0.083490,0.107247,0.000758
303,-0.070113,0.117904,0.052714
304,-0.035526,0.175956,-0.004868
305,-0.070831,0.122544,0.053275
306,0.045134,0.093631,0.006234
307,-0.053617,0.085347,0.045332
308,-0.049001,0.086222,0.045352
309,-0.036745,0.086084,0.043613
310,-0.010873,0.088827,0.056665
311,-0.003845,0.084788,0.057198
312,-0.049020,0.117713,0.031581
313,-0.042914,0.118360,0.030645
314,-0.057685,0.155617,0.012983
315,-0.025412,0.124725,0.000129
316,0.019012,0.127362,0.017787
317,-0.059499,0.088845,0.045109
318,-0.056931,0.088101,0.044693
319,0.003577,0.131390,0.007209
320,-0.016683,0.087267,0.056741
321,-0.008498,0.083990,0.057605
322,0.003508,0.086340,0.057048
323,-0.028399,0.180707,-0.007847
324,-0.076566,0.116740,0.051489
325,0.017869,0.090899,0.048713
326,-0.040342,0.116696,0.032460
327,0.005911,0.131409,0.016824
328,-0.085778,0.091701,-0.000047
329,-0.050372,0.088845,0.045188
330,-0.044434,0.087655,0.043478
331,-0.042056,0.086712,0.042535
332,-0.033058,0.086186,0.042560
333,-0.029242,0.090453,0.044237
334,-0.006896,0.084433,0.057169
335,-0.006621,0.090415,0.056880
336,-0.001244,0.089093,0.056552
337,0.009408,0.090328,0.054214
338,0.040195,0.102316,-0.002005
339,-0.086227,0.114668,0.002210
340,-0.089495,0.095632,0.014235
341,-0.067132,0.157094,-0.006203
342,-0.052936,0.090914,0.044569
343,-0.036745,0.088887,0.043312
344,-0.013626,0.089788,0.056674
345,0.023337,0.123534,0.024874
346,-0.037054,0.127151,0.000355
347,-0.073697,0.156130,0.014360
348,-0.065592,0.091042,0.044092
349,-0.058997,0.092031,0.045335
350,-0.033239,0.088574,0.043697
351,-0.031835,0.090723,0.044173
352,-0.020022,0.088032,0.055589
353,-0.011214,0.092366,0.056105
354,0.039108,0.108291,0.013142
355,0.028676,0.119596,0.024546
356,-0.068940,0.156528,-0.001972
357,-0.062615,0.091127,0.045091
358,0.030445,0.118864,0.020822
359,-0.015241,0.091822,0.055817
360,-0.005622,0.093235,0.055894
361,0.004799,0.091655,0.054715
362,-0.068282,0.092377,0.042389
363,-0.055624,0.092187,0.045055
364,-0.051901,0.095458,0.043938
365,-0.048809,0.091084,0.044457
366,-0.045412,0.091002,0.043253
367,-0.044515,0.094860,0.042972
368,-0.039430,0.089598,0.043178
369,-0.035642,0.092617,0.044238
370,-0.000122,0.093201,0.055398
371,0.009510,0.095484,0.050911
372,0.021442,0.091355,0.048043
373,-0.008983,0.169264,-0.022683
374,-0.073019,0.156021,0.022419
375,-0.064760,0.153116,-0.002037
376,-0.069369,0.095243,0.042129
377,-0.060117,0.095553,0.044184
378,-0.029242,0.094290,0.044821
379,-0.026561,0.093290,0.044975
380,-0.014394,0.094588,0.053994
381,-0.008869,0.095400,0.054446
382,-0.001219,0.096202,0.053816
383,0.004048,0.095817,0.052937
384,-0.004602,0.124285,0.033472
385,-0.078436,0.139280,0.048329
386,0.010775,0.130792,0.014342
387,-0.056624,0.096322,0.043668
388,-0.036299,0.095696,0.043580
389,-0.024380,0.095866,0.044435
390,0.010916,0.126336,0.029857
391,-0.005862,0.097350,0.052744
392,0.016973,0.097107,0.047441
393,-0.067232,0.099174,0.041594
394,-0.054994,0.099641,0.042955
395,-0.048618,0.096453,0.044183
396,-0.055369,0.154425,0.016161
397,-0.094244,0.122074,0.023568
398,0.013243,0.096738,0.048750
399,0.020639,0.096602,0.046971
400,0.007343,0.120982,0.035973
401,-0.013494,0.128824,0.005969
402,-0.020111,0.125045,0.023588
403,-0.069438,0.164799,-0.017219
404,-0.064028,0.097839,0.042565
405,-0.051996,0.099708,0.042717
406,-0.043991,0.099425,0.042383
407,-0.039738,0.102154,0.040574
408,-0.035931,0.099810,0.042336
409,-0.030868,0.096915,0.044651
410,-0.028342,0.097783,0.043761
411,-0.025623,0.098713,0.044211
412,-0.085237,0.110774,0.024538
413,0.007194,0.098859,0.048420
414,0.009651,0.101088,0.047373
415,0.013487,0.100764,0.047454
416,0.007739,0.131475,0.011683
417,0.000809,0.116333,0.040168
418,-0.072653,0.165679,-0.018212
419,-0.005601,0.130767,0.010516
420,-0.026304,0.125189,0.017393
421,-0.047590,0.100812,0.042349
422,-0.041461,0.098545,0.041779
423,-0.033582,0.103839,0.040738
424,-0.022870,0.102847,0.043545
425,-0.022362,0.098208,0.044766
426,-0.018871,0.098973,0.044489
427,-0.071434,0.077574,0.038061
428,-0.073001,0.118267,0.053035
429,-0.068466,0.134981,-0.008336
430,-0.074684,0.107861,-0.009048
431,-0.064959,0.158520,-0.012595
432,-0.078932,0.150931,0.035152
433,-0.074114,0.099443,0.038338
434,-0.070457,0.100988,0.039794
435,-0.059059,0.100413,0.042725
436,-0.049187,0.104520,0.040301
437,-0.029151,0.101974,0.042633
438,-0.011600,0.101078,0.044192
439,0.005145,0.101639,0.045423
440,-0.051496,0.104967,0.040347
441,-0.020218,0.102144,0.043701
442,0.004252,0.105237,0.042564
443,0.016833,0.103375,0.045287
444,-0.025661,0.125627,0.004554
445,-0.072142,0.105367,0.037523
446,-0.064985,0.103716,0.040648
447,-0.060652,0.104672,0.040906
448,-0.055309,0.103654,0.041517
449,-0.044243,0.104317,0.041340
450,-0.015513,0.104361,0.042919
451,-0.007632,0.103045,0.043711
452,-0.007805,0.105166,0.043825
453,0.009716,0.105235,0.043604
454,0.030300,0.115536,0.028685
455,-0.047497,0.106357,0.040166
456,-0.038979,0.106830,0.038248
457,-0.025869,0.104267,0.042208
458,-0.018058,0.105039,0.042803
459,-0.015180,0.108077,0.042350
460,-0.003898,0.105662,0.044047
461,0.000027,0.104467,0.043776
462,0.011978,0.104036,0.045396
463,0.015005,0.107269,0.041812
464,0.026488,0.122303,0.020398
465,-0.036226,0.106342,0.038645
466,-0.021127,0.109323,0.040715
467,-0.012820,0.104571,0.043466
468,0.005285,0.109437,0.041675
469,0.008940,0.107106,0.041243
470,-0.051840,0.160620,0.007142
471,-0.054201,0.114517,0.034844
472,0.013226,0.129581,0.019690
473,-0.069382,0.108658,0.037508
474,-0.067691,0.107341,0.038018
475,-0.063782,0.110373,0.037580
476,-0.050749,0.109287,0.038298
477,-0.009394,0.107428,0.043455
478,0.001176,0.109325,0.042663
479,0.009802,0.110040,0.039945
480,0.020131,0.107328,0.040324
481,-0.002787,0.105775,-0.022459
482,-0.054997,0.107742,0.039425
483,-0.045967,0.109051,0.038754
484,-0.042325,0.107373,0.039456
485,-0.032161,0.108965,0.038103
486,-0.030770,0.115973,0.032859
487,-0.011609,0.109837,0.042475
488,-0.029428,0.093167,-0.024932
489,-0.080044,0.092080,-0.009420
490,-0.049797,0.113421,0.035118
491,-0.043724,0.161914,0.005771
492,-0.057982,0.109432,0.037998
493,-0.041491,0.112248,0.035873
494,-0.024930,0.115928,0.034095
495,-0.020882,0.114095,0.037873
496,-0.007552,0.111838,0.042040
497,0.003767,0.112405,0.041495
498,-0.062830,0.151895,-0.009237
499,-0.059196,0.113208,0.036235
500,-0.051079,0.093893,-0.021762
501,-0.073945,0.084375,-0.015154
502,-0.072146,0.134864,-0.007759
503,-0.019409,0.170411,-0.020995
504,-0.055530,0.149055,-0.001960
505,0.016688,0.036977,0.043001
506,-0.052277,0.117751,0.033769
507,-0.069201,0.093039,-0.016486
508,0.026579,0.117024,0.030868
509,-0.023574,0.037037,0.054145
510,-0.007378,0.038988,0.048929
511,0.013235,0.038453,0.044501
512,0.019487,0.040809,0.042641
513,-0.063954,0.146947,0.038484
514,-0.049579,0.036097,0.045955
515,-0.043324,0.036286,0.044042
516,-0.029047,0.125563,0.007762
517,-0.001734,0.039477,0.047263
518,-0.031358,0.153622,-0.004674
519,0.002582,0.107476,-0.020606
520,-0.056802,0.145147,0.031740
521,-0.056464,0.037683,0.046820
522,-0.050965,0.038312,0.046286
523,-0.050980,0.134866,0.027585
524,-0.025647,0.038861,0.054161
525,-0.022542,0.040616,0.053986
526,-0.017618,0.038911,0.052403
527,-0.019712,0.168291,-0.013021
528,0.023780,0.095223,0.046347
529,0.014744,0.042717,0.044510
530,0.021691,0.040162,0.040846
531,-0.064067,0.090172,-0.018856
532,0.020319,0.100420,0.045761
533,-0.036425,0.093631,-0.023535
534,-0.014981,0.042571,0.051405
535,-0.057335,0.123401,0.040231
536,-0.054173,0.123379,0.037576
537,0.022625,0.043622,0.040905
538,0.028811,0.043352,0.032158
539,-0.042764,0.157275,0.005202
540,0.009223,0.044125,0.045057
541,0.015048,0.045756,0.043794
542,-0.063757,0.102511,-0.017484
543,-0.034070,0.161490,-0.013787
544,-0.082191,0.075610,0.016543
545,-0.066299,0.123371,0.050616
546,-0.015510,0.045283,0.050653
547,0.018928,0.044250,0.043010
548,0.025822,0.046327,0.038277
549,0.027269,0.044548,0.036153
550,-0.045301,0.156951,0.007204
551,0.023856,0.106166,0.039378
552,0.021633,0.048127,0.040694
553,0.043785,0.048804,0.031343
554,0.048075,0.048970,0.028165
555,0.052663,0.047674,0.021201
556,-0.052722,0.044723,0.044143
557,-0.030072,0.172583,-0.006360
558,-0.034508,0.154475,0.001650
559,0.010630,0.046712,0.046472
560,0.016743,0.048439,0.043679
561,0.028827,0.092133,0.043920
562,-0.059937,0.127262,0.040771
563,-0.036752,0.158021,0.004186
564,-0.037885,0.161997,0.000247
565,-0.022048,0.183486,-0.012095
566,-0.024365,0.180968,-0.009831
567,-0.044882,0.150530,0.007645
568,0.026997,0.051318,0.038752
569,0.047736,0.052751,0.030797
570,0.051704,0.048857,0.024148
571,-0.067504,0.114241,0.048036
572,-0.016258,0.160313,-0.009693
573,-0.063926,0.167924,-0.040730
574,-0.041665,0.149961,0.004541
575,-0.035203,0.164936,-0.002681
576,0.041319,0.099497,0.024276
577,0.014055,0.052524,0.048594
578,0.019421,0.051321,0.044799
579,0.023678,0.051474,0.041053
580,0.034258,0.051931,0.032758
581,0.055957,0.053147,0.023198
582,-0.039938,0.149228,0.001602
583,-0.046989,0.126008,0.026986
584,-0.027708,0.090081,-0.031911
585,0.019205,0.055167,0.047722
586,0.021886,0.053928,0.045102
587,0.031286,0.052864,0.036914
588,0.046661,0.054719,0.031977
589,0.051824,0.053277,0.027927
590,-0.029265,0.161404,-0.002104
591,-0.068701,0.144635,0.043042
592,-0.056070,0.150007,0.029868
593,0.044718,0.094803,0.012025
594,-0.041804,0.155821,0.006455
595,-0.068369,0.122893,0.052438
596,-0.064115,0.095510,-0.018115
597,-0.018383,0.185437,-0.017136
598,0.011745,0.056678,0.051914
599,-0.059375,0.119982,0.040548
600,0.059092,0.057957,0.020270
601,0.043548,0.097389,0.017315
602,-0.026292,0.159634,-0.000518
603,0.014905,0.056350,0.049523
604,0.024286,0.054959,0.043087
605,0.028953,0.056125,0.040389
606,-0.049508,0.129495,0.030259
607,0.040825,0.095170,0.028658
608,0.017775,0.058244,0.048865
609,0.033574,0.058515,0.038311
610,0.036385,0.056996,0.033601
611,-0.064205,0.122439,0.048008
612,-0.065425,0.140113,0.041309
613,0.050801,0.057308,0.030001
614,0.056672,0.056971,0.024292
615,-0.049350,0.149135,0.011274
616,-0.069761,0.134429,0.048265
617,0.019537,0.060004,0.048576
618,0.027014,0.059953,0.043454
619,0.057679,0.061393,0.024202
620,-0.056917,0.126235,0.039427
621,0.023469,0.116563,0.033537
622,-0.058299,0.138855,0.032937
623,0.006460,0.060297,0.054780
624,0.010406,0.059162,0.052484
625,0.023184,0.058654,0.045871
626,0.033040,0.061774,0.039781
627,-0.064348,0.126281,0.046650
628,-0.057031,0.115620,0.036495
629,0.054452,0.058343,0.027653
630,-0.030134,0.170113,-0.007359
631,-0.037077,0.159864,0.001610
632,-0.056033,0.137311,0.031971
633,-0.067676,0.141503,0.043868
634,0.009991,0.062735,0.054009
635,0.014522,0.061383,0.050501
636,0.030052,0.062170,0.041546
637,0.037519,0.061063,0.034366
638,0.053944,0.061392,0.028269
639,0.059120,0.063129,0.021562
640,-0.024366,0.176933,-0.011720
641,-0.013253,0.166272,-0.014120
642,0.039219,0.106693,0.020450
643,-0.017969,0.180780,-0.018103
644,0.021902,0.060876,0.047282
645,0.035342,0.061630,0.037606
646,-0.062146,0.135998,0.036701
647,0.056821,0.063691,0.025286
648,-0.032800,0.159487,0.002196
649,0.011212,0.066584,0.053982
650,0.012920,0.064204,0.052441
651,0.020127,0.063851,0.047920
652,0.035972,0.066670,0.037781
653,0.039907,0.064361,0.031687
654,-0.066702,0.132106,0.045481
655,-0.041601,0.159780,0.003537
656,0.033045,0.107663,0.031916
657,0.024672,0.063694,0.045205
658,0.026109,0.068008,0.043903
659,0.033364,0.067055,0.039729
660,0.042916,0.066708,0.026995
661,0.054715,0.064697,0.026980
662,-0.016531,0.163250,-0.009248
663,-0.017892,0.161138,-0.006707
664,0.041118,0.097491,-0.003976
665,0.023387,0.070076,0.047013
666,0.038103,0.065678,0.035133
667,0.010145,0.122217,0.034719
668,0.058392,0.066741,0.021979
669,0.038302,0.084549,-0.014479
670,0.034126,0.097054,0.037590
671,-0.031356,0.158099,0.001913
672,-0.058260,0.140995,0.032441
673,-0.066817,0.119515,0.051490
674,-0.068090,0.116471,0.051151
675,0.016568,0.066270,0.051010
676,0.029363,0.066510,0.042289
677,0.037027,0.093950,-0.011674
678,0.056413,0.067660,0.023969
679,-0.061296,0.145200,0.037138
680,0.008387,0.113362,0.039793
681,0.011807,0.070921,0.054240
682,0.029742,0.070647,0.041654
683,0.036294,0.071221,0.037115
684,0.039900,0.070295,0.032720
685,-0.062763,0.137780,0.036679
686,-0.015815,0.175049,-0.018654
687,-0.092269,0.114752,0.017017
688,-0.000950,0.101411,0.044290
689,-0.063713,0.112742,0.038007
690,-0.061096,0.117017,0.039654
691,0.020992,0.069335,0.049004
692,0.025659,0.070550,0.044540
693,0.032979,0.073501,0.040487
694,0.042156,0.069718,0.028318
695,-0.055517,0.129561,0.036598
696,-0.040802,0.164361,0.003745
697,-0.006255,0.101217,0.044322
698,-0.010987,0.166212,-0.016048
699,-0.030351,0.164482,-0.005329
700,0.026111,0.100890,0.041733
701,-0.065600,0.113295,0.042319
702,0.028815,0.096713,0.042258
703,0.015263,0.071572,0.052717
704,0.028982,0.074088,0.043447
705,0.044873,0.075517,0.023155
706,-0.078225,0.149625,-0.002502
707,-0.046095,0.152968,0.009003
708,-0.052369,0.146829,0.018935
709,-0.021592,0.157634,-0.006862
710,0.017177,0.073066,0.051827
711,0.022688,0.075149,0.049312
712,0.035472,0.073077,0.038482
713,-0.089481,0.138400,0.025061
714,-0.053217,0.132220,0.032978
715,-0.037777,0.155519,0.004370
716,-0.090549,0.135119,0.021681
717,-0.063367,0.130371,0.041670
718,0.014074,0.076652,0.054221
719,0.018110,0.075807,0.052488
720,0.042210,0.078861,0.029187
721,-0.052116,0.141799,0.020510
722,0.029063,0.111496,0.033806
723,-0.054731,0.142672,0.028980
724,0.025904,0.075536,0.046417
725,0.031299,0.075907,0.042699
726,0.038446,0.075649,0.035051
727,0.046352,0.074080,0.018354
728,-0.047657,0.130775,0.025524
729,-0.011447,0.171311,-0.019603
730,-0.036647,0.166401,-0.000282
731,-0.046654,0.159178,0.007802
732,-0.045570,0.146636,0.005651
733,0.041439,0.092365,-0.007459
734,-0.064287,0.134636,0.039946
735,-0.061129,0.131783,0.038916
736,-0.047844,0.122151,0.028833
737,-0.049537,0.124913,0.031778
738,-0.071135,0.138177,0.047854
739,0.010114,0.076468,0.055257
740,0.017897,0.079517,0.052760
741,0.021741,0.080251,0.050425
742,0.025272,0.078725,0.048027
743,0.030885,0.078999,0.043389
744,-0.062442,0.140848,0.036966
745,-0.062165,0.156668,-0.017838
746,0.020657,0.104168,0.043005
747,-0.063603,0.115715,0.042572
748,0.014424,0.080086,0.053756
749,0.028779,0.082553,0.044527
750,0.044450,0.081847,0.024553
751,0.045542,0.083338,0.019701
752,-0.049666,0.120638,0.032163
753,-0.029177,0.176200,-0.005624
754,-0.058203,0.132710,0.036919
755,0.038997,0.097088,-0.007780
756,-0.054726,0.120713,0.037451
757,0.013189,0.084211,0.053066
758,-0.019926,0.164897,-0.009990
759,0.020153,0.118497,0.034271
760,-0.055860,0.117743,0.037253
761,0.018045,0.083623,0.051286
762,-0.063757,0.159122,-0.050156
763,-0.018528,0.176532,-0.017044
764,0.028734,0.103601,0.038035
765,0.041414,0.102842,0.016579
766,0.024412,0.098017,0.044687
767,0.020925,0.086311,0.049433
768,0.030445,0.084960,0.043011
769,0.033030,0.083782,0.041637
770,0.036975,0.079876,0.037198
771,-0.077721,0.113559,0.048156
772,0.029250,0.106519,0.036590
773,-0.053078,0.137547,0.028266
774,-0.062991,0.119995,0.045236
775,-0.065398,0.117520,0.048736
776,0.033374,0.112279,0.027788
777,0.038414,0.087490,0.035186
778,-0.061946,0.164792,-0.056648
779,-0.022876,0.173928,-0.013431
780,0.043766,0.088390,-0.003571
781,0.039292,0.101260,0.027551
782,0.010936,0.086027,0.054733
783,0.024109,0.084493,0.048292
784,0.036758,0.099195,0.032838
785,-0.051942,0.125660,0.034588
786,-0.031582,0.166418,-0.005732
787,0.007641,0.086427,0.056118
788,0.016771,0.088645,0.050523
789,0.034405,0.086933,0.040574
790,0.036144,0.084439,0.037937
791,0.041259,0.103611,0.002676
792,0.024766,0.110811,0.036728
793,-0.022602,0.162504,-0.006072
794,-0.012894,0.178790,-0.022625
795,-0.024939,0.170311,-0.011330
796,-0.048469,0.145596,0.008366
797,0.012534,0.089594,0.053395
798,0.025873,0.088482,0.046655
799,0.032756,0.088969,0.042215
800,-0.023344,0.161034,-0.003186
801,-0.092595,0.119438,0.026803
802,-0.074315,0.137617,-0.006670
803,-0.092499,0.121315,0.029256
804,-0.077378,0.157643,-0.014134
805,-0.092907,0.123070,0.036523
806,0.028423,0.088011,0.044234
807,0.035252,0.090837,0.039184
808,0.015761,0.093204,0.049939
809,0.038786,0.094954,0.032520
810,-0.061511,0.123736,0.043063
811,-0.068145,0.127487,0.050149
812,-0.020617,0.182376,-0.014299
813,0.015137,0.115715,0.037032
814,-0.050718,0.152763,0.011817
815,0.030169,0.100487,0.039405
816,-0.087426,0.095470,0.004031
817,-0.060010,0.142845,0.035450
818,-0.058603,0.146372,0.033809
819,0.032412,0.093736,0.040890
820,-0.075918,0.149977,-0.016842
821,0.018597,0.035294,-0.008678
822,0.017210,0.035259,-0.014685
823,0.044327,0.090818,0.022098
824,0.038336,0.038831,0.003094
825,0.022193,0.036775,-0.002092
826,0.019636,0.038234,-0.012508
827,0.023682,0.039763,0.037149
828,0.046693,0.042465,0.006565
829,0.021621,0.037657,-0.004702
830,0.016639,0.038196,-0.019885
831,-0.090254,0.113663,0.037720
832,-0.090594,0.113731,0.010277
833,-0.062542,0.176795,-0.057822
834,-0.011092,0.179921,-0.025996
835,-0.062263,0.152199,-0.022579
836,-0.042277,0.094983,-0.022562
837,0.043293,0.041864,0.002063
838,0.043780,0.044531,-0.001262
839,0.021697,0.040427,-0.009463
840,-0.011184,0.164500,-0.016152
841,-0.062373,0.153130,-0.028997
842,-0.009249,0.177259,-0.028270
843,0.041477,0.085509,-0.009158
844,-0.081269,0.108794,0.029441
845,0.049576,0.043816,0.014583
846,0.052988,0.047748,0.005042
847,0.021978,0.042855,-0.014536
848,0.018506,0.038294,-0.017136
849,-0.035101,0.152034,-0.000133
850,0.048749,0.045265,0.002302
851,0.031913,0.099870,-0.014621
852,-0.014223,0.161674,-0.013349
853,-0.048664,0.136385,0.006806
854,-0.009584,0.174261,-0.028391
855,0.052802,0.046540,0.010428
856,0.051434,0.048485,0.001040
857,0.023911,0.098022,-0.020807
858,0.024567,0.044130,-0.010821
859,0.020357,0.043662,-0.020456
860,-0.021882,0.110874,-0.019695
861,-0.053832,0.149817,0.025067
862,0.054114,0.047773,0.017484
863,0.056731,0.050516,0.010627
864,0.045942,0.048139,-0.003872
865,-0.083818,0.111091,0.028524
866,0.029208,0.047450,-0.008508
867,0.028455,0.048067,-0.012847
868,0.026637,0.047607,-0.016428
869,0.022040,0.044992,-0.017529
870,0.019120,0.047168,-0.022115
871,-0.015782,0.100730,-0.023724
872,-0.062514,0.172131,-0.052788
873,-0.062346,0.147455,-0.007660
874,0.045598,0.088152,0.013124
875,-0.049423,0.142835,0.008973
876,-0.082762,0.111623,0.044221
877,-0.052166,0.150137,0.017449
878,-0.063617,0.148014,-0.020170
879,-0.051493,0.137964,0.023662
880,-0.061518,0.175174,-0.060632
881,0.056525,0.050126,0.015564
882,0.055258,0.051416,0.003206
883,0.050318,0.052786,-0.003417
884,-0.062682,0.167441,-0.045714
885,0.056520,0.051180,0.019941
886,0.056908,0.051578,0.007254
887,0.052854,0.051899,-0.000621
888,-0.038921,0.033767,-0.029043
889,0.029741,0.050325,-0.013991
890,-0.068796,0.035118,-0.005207
891,0.058826,0.055504,0.018648
892,-0.026161,0.123100,-0.004474
893,-0.053342,0.144012,0.024261
894,0.058177,0.052821,0.015182
895,0.059798,0.056840,0.013343
896,0.054550,0.056045,-0.000662
897,0.026775,0.051423,-0.020234
898,-0.008696,0.172916,-0.026709
899,-0.077040,0.071967,0.026405
900,-0.063070,0.158975,-0.042952
901,0.035707,0.056083,-0.008999
902,0.032600,0.053708,-0.011006
903,0.029740,0.052538,-0.016225
904,0.059239,0.056363,0.009453
905,0.057422,0.056012,0.004025
906,0.029063,0.055211,-0.018042
907,-0.017224,0.095214,-0.032085
908,-0.085911,0.109688,0.007658
909,0.060595,0.061677,0.015592
910,0.059532,0.060505,0.005840
911,0.057306,0.059945,0.001889
912,0.038829,0.059840,-0.006425
913,0.030663,0.057300,-0.016518
914,-0.027762,0.120685,-0.009015
915,-0.088195,0.103146,0.017509
916,0.060779,0.061647,0.010464
917,0.035915,0.059916,-0.011967
918,0.024252,0.056457,-0.024255
919,-0.061954,0.168653,-0.052621
920,-0.090558,0.112760,0.016141
921,-0.088469,0.111243,0.012679
922,0.059558,0.063099,0.005947
923,0.030940,0.060518,-0.018133
924,-0.093576,0.124746,0.026213
925,-0.093190,0.120199,0.037914
926,-0.009230,0.173145,-0.024198
927,-0.081739,0.076861,0.023314
928,-0.036993,0.150639,-0.002037
929,0.060094,0.065693,0.018533
930,0.059837,0.066423,0.008514
931,0.040706,0.064475,-0.005592
932,0.034746,0.063261,-0.014647
933,-0.061880,0.160004,-0.025806
934,-0.076538,0.153449,-0.012899
935,0.038111,0.064812,-0.011142
936,0.031909,0.064657,-0.018473
937,-0.083159,0.146743,0.003076
938,-0.087056,0.105628,0.009765
939,-0.071448,0.181053,-0.055479
940,-0.085632,0.124611,-0.002734
941,0.060729,0.065807,0.013975
942,0.039910,0.068172,-0.009570
943,0.034982,0.067741,-0.015683
944,-0.091822,0.127473,0.036459
945,-0.062425,0.163666,-0.049667
946,-0.071169,0.147402,-0.027591
947,-0.050365,0.137158,0.001953
948,-0.050493,0.141599,0.016292
949,0.059887,0.068513,0.016172
950,-0.061407,0.172688,-0.058266
951,0.024991,0.065897,-0.023568
952,-0.074853,0.149931,-0.027753
953,-0.062226,0.060265,0.020449
954,-0.062002,0.036435,0.043919
955,0.058375,0.071186,0.013073
956,-0.036125,0.122867,-0.008293
957,0.029217,0.067850,-0.020419
958,-0.041682,0.125751,-0.007019
959,-0.074227,0.164370,-0.038240
960,-0.009785,0.169285,-0.024757
961,-0.089578,0.120783,0.003523
962,-0.062312,0.163711,-0.040624
963,0.043515,0.091520,-0.002647
964,-0.048434,0.137550,0.013245
965,-0.089313,0.136530,0.030459
966,-0.074230,0.156527,-0.025167
967,0.037379,0.073093,-0.012635
968,0.026322,0.070241,-0.023879
969,-0.048024,0.144266,0.004250
970,-0.092020,0.116115,0.035843
971,-0.071306,0.073899,0.035970
972,-0.062059,0.156978,-0.033785
973,-0.009702,0.167389,-0.019360
974,0.043342,0.071676,-0.002230
975,0.041772,0.069568,-0.006160
976,0.033505,0.072810,-0.017035
977,0.029665,0.071507,-0.021282
978,-0.029460,0.155503,-0.001191
979,-0.086396,0.104794,0.005982
980,-0.054911,0.146623,0.028439
981,0.044204,0.085204,-0.002117
982,0.043264,0.075811,-0.003884
983,0.013097,0.091126,-0.029270
984,-0.067069,0.091145,-0.017426
985,-0.090822,0.122769,0.006100
986,0.045620,0.074684,0.002607
987,-0.093040,0.120264,0.011217
988,0.044636,0.092794,0.017832
989,-0.011243,0.164575,-0.018241
990,0.045511,0.086953,0.003887
991,0.046253,0.077374,0.006914
992,0.040282,0.072637,-0.009288
993,0.043218,0.099487,0.005015
994,-0.051108,0.145202,0.014279
995,0.044693,0.092689,0.002247
996,0.043423,0.091860,0.024538
997,0.040751,0.105547,0.007507
998,-0.085613,0.096277,-0.000665
999,0.040721,0.078476,-0.008213
1000,0.035538,0.076063,-0.014435
1001,-0.092737,0.120731,0.032693
1002,-0.062279,0.151666,-0.014673
1003,0.044960,0.080943,0.000611
1004,0.037815,0.079698,-0.013290
1005,0.033864,0.078657,-0.017632
1006,-0.091044,0.141999,0.021730
1007,-0.074004,0.178185,-0.053916
1008,-0.061769,0.160680,-0.034046
1009,-0.049747,0.141125,0.005294
1010,0.041065,0.090461,0.029889
1011,-0.072916,0.065057,0.018795
1012,-0.090950,0.138954,0.017371
1013,0.042879,0.100938,0.009475
1014,-0.072455,0.176107,-0.053535
1015,-0.075863,0.150713,-0.009021
1016,-0.085270,0.102678,0.001394
1017,-0.077026,0.113968,-0.004617
1018,0.046281,0.078702,0.014786
1019,0.042107,0.081533,-0.006669
1020,0.036524,0.081992,-0.016230
1021,-0.037420,0.045428,-0.024227
1022,-0.085149,0.139655,0.002481
1023,-0.063313,0.165033,-0.032895
1024,-0.061591,0.156816,-0.025946
1025,0.045919,0.087036,0.008424
1026,0.044631,0.084178,0.000827
1027,-0.044843,0.146294,0.001711
1028,-0.064124,0.179536,-0.058730
1029,-0.067070,0.180727,-0.056619
1030,-0.064794,0.178853,-0.055883
1031,-0.064371,0.172962,-0.049226
1032,-0.070382,0.180712,-0.053173
1033,-0.075269,0.152329,0.034374
1034,-0.016273,0.128445,0.016684
1035,-0.062116,0.156008,0.018034
1036,-0.056011,0.153817,0.025369
1037,-0.037278,0.172891,-0.000866
1038,-0.074159,0.179873,-0.050795
1039,-0.079040,0.155374,0.015142
1040,-0.072506,0.154595,0.029589
1041,-0.067738,0.177289,-0.050376
1042,-0.007535,0.100213,0.047489
1043,-0.059576,0.154724,0.026373
1044,-0.077383,0.153466,0.030895
1045,-0.081497,0.154731,0.019697
1046,-0.072223,0.158967,-0.005424
1047,-0.013709,0.184912,-0.025550
1048,-0.043465,0.124511,0.022519
1049,-0.069104,0.155595,0.001637
1050,-0.073748,0.155393,0.002349
1051,-0.068192,0.174398,-0.045366
1052,-0.060053,0.152803,0.032888
1053,-0.023459,0.126154,0.016614
1054,-0.072777,0.178545,-0.048209
1055,-0.076596,0.177532,-0.047118
1056,0.013906,0.127908,0.025110
1057,-0.086368,0.109065,0.011981
1058,-0.031359,0.121410,0.025971
1059,-0.049105,0.136669,0.019314
1060,-0.042931,0.129284,0.009270
1061,-0.065320,0.153903,0.000914
1062,-0.037606,0.124226,0.024314
1063,0.009508,0.130419,0.020715
1064,-0.001798,0.131173,0.016361
1065,0.003623,0.130768,0.021169
1066,-0.092675,0.117019,0.011890
1067,-0.065740,0.155653,0.026018
1068,-0.086562,0.142492,0.008433
1069,-0.070732,0.155700,0.006906
1070,-0.008084,0.130305,0.016872
1071,-0.044286,0.126066,0.020795
1072,-0.070222,0.151435,0.036719
1073,-0.015211,0.184636,-0.022057
1074,-0.017271,0.186996,-0.019978
1075,-0.083561,0.152559,0.007681
1076,-0.088130,0.097541,0.005679
1077,-0.088399,0.138990,0.010641
1078,-0.067781,0.156145,0.014276
1079,-0.006586,0.126417,0.030226
1080,-0.088746,0.136256,0.007148
1081,-0.077207,0.156400,-0.018973
1082,-0.093176,0.118210,0.023362
1083,-0.023507,0.126720,0.010997
1084,-0.066547,0.171711,-0.042128
1085,-0.069136,0.172478,-0.039013
1086,0.057180,0.071108,0.008031
1087,-0.075391,0.179528,-0.052402
1088,-0.031829,0.126391,0.010013
1089,-0.008989,0.129523,0.022027
1090,0.034326,0.111933,-0.002241
1091,-0.081415,0.097100,-0.006875
1092,-0.023299,0.183243,-0.017923
1093,-0.061642,0.155820,0.011100
1094,-0.088826,0.090483,0.021205
1095,0.058373,0.068068,0.005725
1096,-0.043046,0.127851,0.016842
1097,0.030836,0.115542,-0.003179
1098,-0.088631,0.094881,0.007934
1099,-0.091715,0.117100,0.030809
1100,-0.072084,0.174998,-0.041930
1101,-0.069541,0.153085,0.033866
1102,0.060079,0.068129,0.011455
1103,-0.040081,0.126284,0.019607
1104,0.032820,0.116556,0.004446
1105,-0.072823,0.145106,-0.015655
1106,-0.085270,0.105518,0.023291
1107,-0.076051,0.111038,-0.006272
1108,-0.086538,0.151548,0.025875
1109,0.055888,0.072579,0.010670
1110,-0.054642,0.155230,0.012612
1111,0.036730,0.111168,0.003867
1112,0.031502,0.117252,0.001686
1113,-0.078752,0.095240,-0.010601
1114,-0.089408,0.143528,0.030925
1115,-0.020891,0.185953,-0.015037
1116,-0.070864,0.161365,-0.009732
1117,-0.070920,0.171367,-0.032764
1118,-0.030771,0.125641,0.016595
1119,-0.054454,0.152977,0.022505
1120,-0.001554,0.127547,0.029233
1121,0.029131,0.120274,0.006112
1122,0.025726,0.121227,-0.000036
1123,-0.089319,0.099547,0.013418
1124,-0.075429,0.170956,-0.032880
1125,-0.028596,0.119012,0.029888
1126,0.021070,0.124978,0.001100
1127,-0.092241,0.118168,0.041202
1128,0.002409,0.100168,0.046938
1129,-0.056628,0.152706,0.029629
1130,-0.057265,0.155062,0.019322
1131,-0.036452,0.121999,0.027671
1132,-0.074108,0.173557,-0.037987
1133,0.051537,0.073497,0.012699
1134,-0.066096,0.155325,0.007156
1135,0.036102,0.112661,0.010492
1136,0.016715,0.126899,0.000223
1137,-0.080768,0.143014,-0.001531
1138,-0.091758,0.143346,0.017791
1139,-0.086825,0.152808,0.015521
1140,-0.065808,0.167643,-0.030559
1141,-0.078217,0.168740,-0.033564
1142,-0.072567,0.147532,0.041714
1143,0.058440,0.070201,0.017780
1144,0.056848,0.072017,0.017139
1145,0.054919,0.073162,0.015224
1146,0.047447,0.073691,0.012430
1147,0.012319,0.129038,0.001334
1148,-0.079791,0.103517,-0.006628
1149,-0.076655,0.155098,0.007969
1150,0.021747,0.121185,0.030879
1151,-0.075260,0.149386,0.039176
1152,-0.025920,0.182728,-0.013541
1153,-0.067984,0.169748,-0.031627
1154,0.016831,0.124871,0.028426
1155,0.054016,0.072884,0.018678
1156,0.050523,0.073398,0.016167
1157,-0.059582,0.156233,0.007921
1158,0.025344,0.123747,0.009982
1159,0.019263,0.126894,0.005555
1160,-0.090759,0.142234,0.026008
1161,-0.046548,0.133208,0.016890
1162,-0.024107,0.183809,-0.011545
1163,0.008678,0.128946,0.026157
1164,0.002492,0.129836,0.024847
1165,0.057345,0.069483,0.021154
1166,-0.085330,0.153399,0.020378
1167,0.032877,0.116915,0.009296
1168,0.024247,0.123778,0.004876
1169,-0.047766,0.133020,0.022874
1170,-0.063542,0.163321,-0.025913
1171,-0.066605,0.164774,-0.020671
1172,-0.068504,0.167320,-0.023960
1173,-0.072759,0.169659,-0.027013
1174,0.048207,0.072699,0.016995
1175,-0.027383,0.123243,0.021659
1176,-0.045077,0.131244,0.011146
1177,0.029253,0.120577,0.012299
1178,0.013678,0.129673,0.006933
1179,0.008421,0.130910,0.006275
1180,0.000968,0.130643,0.002587
1181,0.003080,0.098307,0.050536
1182,-0.052420,0.153101,0.012927
1183,-0.070360,0.169070,-0.026144
1184,0.054359,0.071467,0.021381
1185,0.045161,0.071030,0.022531
1186,0.019320,0.127383,0.011296
1187,-0.093281,0.126911,0.013505
1188,-0.087405,0.105940,0.013646
1189,-0.022852,0.090635,0.052280
1190,-0.062099,0.154067,0.030837
1191,-0.045852,0.120730,0.027665
1192,0.050782,0.072155,0.020680
1193,-0.089607,0.139711,0.029309
1194,-0.053323,0.152735,0.016214
1195,-0.015227,0.127849,0.021545
1196,0.033664,0.115742,0.017181
1197,0.024000,0.124688,0.015518
1198,-0.084167,0.097757,-0.003276
1199,-0.036224,0.127775,0.009850
1200,-0.039190,0.128282,0.005035
1201,-0.033674,0.177744,-0.008180
1202,-0.074489,0.156494,-0.002595
1203,-0.046756,0.132843,0.008121
1204,-0.084970,0.153223,0.012654
1205,-0.010866,0.126917,0.027575
1206,-0.003107,0.130729,0.005643
1207,-0.088761,0.097037,0.021079
1208,-0.064811,0.034531,0.015508
1209,-0.064300,0.035086,0.024272
1210,-0.066727,0.035896,0.033849
1211,0.019839,0.096519,-0.022786
1212,-0.038671,0.160702,-0.012358
1213,-0.076890,0.130419,-0.006957
1214,-0.072540,0.035399,0.007030
1215,-0.069209,0.035455,0.012042
1216,-0.064161,0.035901,0.017688
1217,-0.066804,0.037378,0.033296
1218,-0.062928,0.039062,0.042708
1219,-0.071752,0.036789,0.008697
1220,-0.065171,0.037290,0.025954
1221,-0.066392,0.037712,0.029622
1222,-0.064559,0.039640,0.039412
1223,-0.060146,0.041202,0.044294
1224,-0.060318,0.038443,0.045246
1225,-0.036756,0.088663,-0.023869
1226,-0.039495,0.037552,0.042871
1227,-0.072016,0.037573,0.003979
1228,-0.071694,0.039461,0.006014
1229,-0.071166,0.039366,0.008114
1230,-0.069000,0.038468,0.010769
1231,-0.067253,0.038142,0.013534
1232,-0.061126,0.037790,0.019711
1233,-0.039180,0.042407,0.041476
1234,-0.035146,0.038586,0.047733
1235,-0.028951,0.039286,0.053309
1236,-0.018224,0.097495,0.046848
1237,-0.066916,0.122789,-0.008908
1238,-0.063755,0.038250,0.016593
1239,-0.064416,0.041284,0.028243
1240,-0.085856,0.097025,0.027415
1241,-0.037501,0.040222,0.044297
1242,-0.034334,0.040924,0.048426
1243,-0.031173,0.040294,0.051312
1244,-0.069997,0.042073,0.006690
1245,-0.080379,0.097801,0.033646
1246,-0.026273,0.077631,0.048356
1247,-0.037501,0.042737,0.042988
1248,-0.026177,0.042499,0.053315
1249,-0.069637,0.041881,0.003183
1250,-0.067157,0.041973,0.010241
1251,-0.087406,0.102052,0.022020
1252,-0.023944,0.078800,0.053535
1253,-0.060902,0.043430,0.042679
1254,-0.031218,0.043848,0.049781
1255,-0.075729,0.103540,0.036071
1256,-0.062425,0.041886,0.014647
1257,-0.061052,0.044392,0.012422
1258,0.025855,0.089611,-0.022702
1259,-0.077645,0.082215,0.035798
1260,-0.060381,0.045921,0.040089
1261,-0.024982,0.081778,0.053421
1262,-0.034454,0.044564,0.045423
1263,-0.029843,0.046782,0.047747
1264,-0.015120,0.099930,0.044500
1265,-0.067306,0.044177,0.007596
1266,-0.057853,0.046445,0.011063
1267,-0.051815,0.163926,0.001749
1268,-0.055174,0.048384,0.038518
1269,-0.078849,0.118674,0.050623
1270,-0.027229,0.087991,0.047910
1271,-0.075537,0.159771,-0.010439
1272,-0.036151,0.046505,0.040741
1273,-0.025439,0.090678,0.048852
1274,-0.080050,0.116704,0.048762
1275,-0.052514,0.047578,0.014858
1276,-0.032044,0.050462,0.039342
1277,-0.031488,0.046930,0.045253
1278,-0.020321,0.094000,0.051589
1279,-0.072145,0.091556,0.041495
1280,-0.053644,0.049358,0.012202
1281,-0.082404,0.121866,0.049365
1282,-0.049754,0.049738,0.037037
1283,-0.032332,0.048673,0.042524
1284,-0.023123,0.094516,0.047359
1285,-0.086347,0.091722,0.026811
1286,-0.057713,0.048718,0.007277
1287,-0.086970,0.088912,0.024880
1288,-0.092238,0.124885,0.040787
1289,-0.015863,0.097022,0.050139
1290,-0.027720,0.050502,0.043341
1291,-0.085919,0.142634,0.039850
1292,-0.075097,0.090074,0.039581
1293,-0.089431,0.147306,0.027695
1294,-0.053288,0.051926,0.011730
1295,-0.050169,0.053462,0.016255
1296,-0.085986,0.146709,0.034827
1297,-0.069937,0.086077,0.042176
1298,-0.050399,0.051831,0.034037
1299,-0.083299,0.149608,0.033741
1300,-0.029175,0.052265,0.037637
1301,-0.088764,0.119449,0.046560
1302,-0.077693,0.173680,-0.041479
1303,-0.083418,0.094127,0.030898
1304,-0.056068,0.053471,0.007372
1305,-0.078936,0.148172,0.039463
1306,-0.067903,0.087817,0.043527
1307,-0.044111,0.092884,-0.022373
1308,-0.086605,0.132268,0.046783
1309,-0.092654,0.120840,0.041630
1310,-0.050887,0.052728,0.014456
1311,-0.049763,0.056241,0.033624
1312,-0.089771,0.129049,0.043023
1313,-0.028054,0.054551,0.036787
1314,-0.025867,0.056689,0.039182
1315,-0.083702,0.122264,-0.003730
1316,-0.081455,0.130122,0.052118
1317,-0.051459,0.055878,0.015900
1318,-0.078598,0.174416,-0.046608
1319,-0.052910,0.057043,0.020988
1320,-0.052979,0.059554,0.026212
1321,-0.052131,0.056303,0.026672
1322,-0.047715,0.061945,0.036706
1323,-0.083540,0.081170,0.027014
1324,-0.018340,0.057490,0.049763
1325,-0.080070,0.090586,0.034593
1326,-0.083812,0.086338,0.029223
1327,-0.055437,0.059420,0.023019
1328,-0.082228,0.145138,0.040600
1329,-0.024188,0.072269,0.047681
1330,-0.025353,0.062567,0.040642
1331,-0.091132,0.122821,0.044115
1332,-0.046076,0.168197,0.000737
1333,-0.087829,0.143515,0.035708
1334,-0.086991,0.138123,0.042317
1335,-0.015716,0.060823,0.052365
1336,-0.083804,0.125611,0.050440
1337,-0.062787,0.112742,-0.013605
1338,-0.081034,0.084698,0.033106
1339,-0.088564,0.116245,0.045393
1340,-0.020268,0.062267,0.048212
1341,-0.012620,0.061635,0.054424
1342,-0.070491,0.081818,0.040610
1343,-0.083883,0.133315,0.049114
1344,-0.056560,0.048356,0.036607
1345,0.009944,0.109197,-0.019473
1346,-0.055928,0.035917,0.046376
1347,-0.076003,0.163613,-0.018021
1348,-0.083799,0.102907,0.028038
1349,-0.088252,0.126927,0.046141
1350,-0.079127,0.106199,0.032051
1351,-0.088206,0.094486,0.023744
1352,-0.089110,0.138514,0.037659
1353,-0.019321,0.092124,0.053821
1354,-0.058266,0.090926,-0.020949
1355,-0.027046,0.067014,0.039672
1356,-0.021416,0.179777,-0.021733
1357,-0.007824,0.109241,-0.022186
1358,-0.023988,0.085996,0.053716
1359,-0.060484,0.155680,0.004334
1360,-0.086389,0.121685,0.048412
1361,-0.074084,0.149877,-0.032610
1362,-0.020581,0.079572,0.056014
1363,-0.083838,0.139279,0.044894
1364,-0.022934,0.035633,0.052865
1365,-0.086154,0.127356,0.048564
1366,-0.065729,0.107098,-0.014318
1367,-0.021481,0.074194,0.052858
1368,-0.076424,0.157363,-0.009035
1369,-0.077216,0.085595,0.037421
1370,-0.084151,0.129550,0.050484
1371,-0.081221,0.081003,0.031256
1372,-0.081704,0.101672,0.030940
1373,-0.086253,0.101068,0.025414
1374,-0.080945,0.139036,0.047359
1375,-0.078908,0.094831,0.035436
1376,-0.073440,0.095413,0.040211
1377,-0.052676,0.088221,-0.021886
1378,-0.076441,0.077511,0.033748
1379,-0.021791,0.106580,-0.022327
1380,-0.088361,0.149967,0.026044
1381,-0.024079,0.067907,0.045178
1382,-0.020018,0.067569,0.051565
1383,-0.083578,0.120526,0.049178
1384,-0.014656,0.174565,-0.025973
1385,-0.027396,0.084108,0.048746
1386,-0.041934,0.088463,-0.022126
1387,-0.031694,0.102613,-0.022352
1388,-0.027890,0.104407,-0.022831
1389,-0.073790,0.120167,-0.007885
1390,-0.046124,0.105064,-0.020458
1391,-0.027413,0.073269,0.042641
1392,-0.045533,0.034736,-0.021363
1393,-0.044993,0.039017,-0.021098
1394,-0.046463,0.036800,-0.017779
1395,-0.088366,0.113619,0.005823
1396,0.051746,0.072897,0.009065
1397,-0.070385,0.037450,-0.000932
1398,-0.060923,0.038622,0.022469
1399,-0.077697,0.170279,-0.043118
1400,-0.043793,0.169555,-0.007303
1401,-0.077587,0.177179,-0.050221
1402,-0.040542,0.038886,-0.027365
1403,-0.044216,0.036131,-0.024252
1404,-0.066635,0.040430,-0.005018
1405,-0.069242,0.041474,0.000193
1406,-0.075641,0.159304,-0.026908
1407,-0.063087,0.039614,0.025182
1408,-0.072303,0.151867,-0.041544
1409,-0.041051,0.041529,-0.024061
1410,-0.046991,0.038892,-0.014017
1411,-0.089560,0.128517,0.004546
1412,-0.076987,0.153694,-0.002297
1413,-0.070122,0.168826,-0.051174
1414,-0.064793,0.041725,0.031617
1415,-0.042148,0.124096,-0.009560
1416,-0.048070,0.124930,-0.008408
1417,-0.042150,0.043344,-0.021509
1418,-0.067315,0.044034,0.001574
1419,-0.073387,0.154634,-0.029944
1420,-0.055353,0.042936,0.019135
1421,-0.060068,0.041419,0.022953
1422,-0.065488,0.040938,0.035315
1423,-0.080066,0.150396,0.000605
1424,-0.044031,0.041949,-0.017994
1425,-0.045187,0.042453,-0.014194
1426,-0.083109,0.102654,-0.003293
1427,-0.065473,0.045628,0.004558
1428,-0.075428,0.152012,-0.014394
1429,-0.054473,0.045938,0.023613
1430,-0.062464,0.043722,0.028493
1431,-0.062833,0.045183,0.034623
1432,-0.063538,0.043524,0.037974
1433,-0.060255,0.044750,-0.004132
1434,-0.063242,0.045550,0.000484
1435,-0.062249,0.046540,0.007190
1436,-0.091004,0.148857,0.021507
1437,-0.057094,0.045997,0.026865
1438,-0.057276,0.047300,0.029890
1439,-0.039520,0.173859,-0.007575
1440,-0.089641,0.138419,0.034142
1441,-0.092601,0.130187,0.025184
1442,-0.092281,0.127621,0.029752
1443,-0.033957,0.041025,-0.029660
1444,-0.090200,0.116575,0.005675
1445,-0.058516,0.047731,0.000212
1446,-0.071724,0.146174,-0.021568
1447,-0.052390,0.045449,0.017686
1448,-0.059414,0.047278,0.034172
1449,-0.057521,0.158776,0.004162
1450,-0.080959,0.109267,-0.002019
1451,-0.051904,0.046100,0.019421
1452,-0.051830,0.048569,0.021647
1453,-0.077650,0.156580,-0.016599
1454,-0.037416,0.047682,-0.017147
1455,-0.078876,0.153470,0.003988
1456,-0.057635,0.050426,0.004611
1457,-0.052625,0.050435,0.029047
1458,-0.052999,0.049169,0.033968
1459,-0.073503,0.168719,-0.044792
1460,-0.054421,0.047837,-0.005919
1461,-0.052313,0.051085,0.024486
1462,-0.079130,0.167366,-0.035506
1463,0.009412,0.123503,-0.009829
1464,-0.032716,0.108966,-0.018941
1465,-0.031133,0.049607,-0.019407
1466,0.045997,0.069814,0.003014
1467,0.033525,0.109662,-0.006989
1468,-0.055047,0.052768,-0.003946
1469,-0.056898,0.049656,-0.001532
1470,-0.050290,0.049099,0.017165
1471,-0.050595,0.049923,0.019174
1472,-0.051887,0.053325,0.028706
1473,-0.067684,0.165336,-0.055466
1474,-0.030271,0.052106,-0.017676
1475,-0.009109,0.111417,-0.020543
1476,-0.057069,0.054424,0.002340
1477,-0.032748,0.177599,-0.011627
1478,-0.029010,0.051265,-0.022176
1479,-0.031383,0.051791,-0.013887
1480,-0.055674,0.056984,-0.003351
1481,-0.050916,0.053814,0.019753
1482,-0.088875,0.151694,0.020087
1483,-0.077153,0.173787,-0.047868
1484,-0.078578,0.164206,-0.031826
1485,-0.027546,0.054022,-0.025147
1486,-0.054464,0.055357,0.010327
1487,-0.087041,0.130589,0.000912
1488,-0.090009,0.132781,0.005922
1489,-0.092233,0.131954,0.015431
1490,-0.048640,0.164725,-0.005059
1491,-0.054066,0.059959,-0.007599
1492,-0.057434,0.057684,0.008726
1493,-0.086795,0.138507,0.004558
1494,-0.092990,0.130923,0.019919
1495,-0.091282,0.133119,0.024689
1496,0.021815,0.117705,-0.010015
1497,-0.029647,0.058104,-0.021311
1498,-0.031290,0.055209,-0.014388
1499,-0.059002,0.059235,0.002614
1500,-0.090242,0.135760,0.014149
1501,-0.061569,0.170849,-0.061679
1502,-0.066070,0.165578,-0.058644
1503,-0.024540,0.180059,-0.018727
1504,-0.016132,0.182988,-0.026037
1505,-0.030809,0.056998,-0.017835
1506,0.010464,0.096180,-0.025899
1507,-0.057492,0.059530,-0.001079
1508,-0.089146,0.136505,0.025953
1509,0.004371,0.103919,-0.021515
1510,-0.090377,0.132525,0.031083
1511,-0.090795,0.138552,0.020563
1512,-0.094238,0.126154,0.022201
1513,-0.090337,0.131198,0.038139
1514,-0.045083,0.122184,-0.011569
1515,0.011348,0.098244,-0.023024
1516,-0.039228,0.099185,-0.021913
1517,-0.065510,0.158573,-0.055600
1518,-0.077410,0.162605,-0.020755
1519,-0.048580,0.166892,-0.002526
1520,-0.076923,0.153514,-0.009079
1521,-0.067751,0.157348,-0.053982
1522,0.052906,0.065230,-0.000511
1523,-0.029055,0.061084,-0.024918
1524,-0.031067,0.065059,-0.022751
1525,0.024250,0.102662,-0.018314
1526,-0.055474,0.160502,0.001376
1527,-0.066643,0.160409,-0.056843
1528,-0.078200,0.160732,-0.024000
1529,-0.018321,0.119686,-0.011111
1530,0.021713,0.109563,-0.015081
1531,-0.068383,0.159802,-0.054209
1532,-0.025446,0.060209,-0.030865
1533,-0.026540,0.065084,-0.031665
1534,-0.028426,0.062200,-0.027939
1535,-0.032606,0.061265,-0.015453
1536,-0.070872,0.116116,-0.007956
1537,-0.069781,0.159386,-0.049418
1538,-0.030325,0.067695,-0.027655
1539,-0.032977,0.066365,-0.018386
1540,0.013533,0.102554,-0.021579
1541,0.044409,0.069759,0.000948
1542,-0.002200,0.112159,-0.019659
1543,-0.072029,0.067047,-0.000723
1544,-0.078700,0.173139,-0.042720
1545,-0.083212,0.150721,0.004213
1546,-0.087439,0.133749,0.002397
1547,0.026348,0.084562,-0.023152
1548,-0.074901,0.070419,-0.002285
1549,-0.054576,0.091563,-0.022099
1550,-0.073243,0.152313,-0.035704
1551,-0.074551,0.172187,-0.047551
1552,-0.028681,0.068283,-0.030610
1553,0.017373,0.102460,-0.021488
1554,-0.081257,0.073025,0.007102
1555,-0.074982,0.154078,-0.018974
1556,-0.091556,0.131963,0.010638
1557,-0.000824,0.095165,-0.032056
1558,-0.077619,0.073999,-0.005326
1559,-0.079859,0.072755,0.003042
1560,-0.081627,0.073471,0.011162
1561,-0.073679,0.147860,-0.020236
1562,-0.091310,0.148486,0.016270
1563,-0.090850,0.146256,0.014809
1564,-0.068544,0.175130,-0.057188
1565,-0.027254,0.107475,-0.021280
1566,0.021444,0.122738,-0.002932
1567,-0.079061,0.073724,-0.000845
1568,-0.082064,0.075994,0.001762
1569,-0.083737,0.076772,0.008959
1570,-0.090206,0.149478,0.013035
1571,0.000848,0.116700,-0.017337
1572,-0.074578,0.151640,-0.028648
1573,-0.029087,0.072925,-0.033354
1574,-0.031184,0.073990,-0.030340
1575,-0.032607,0.071956,-0.024867
1576,-0.080576,0.076608,-0.002988
1577,-0.089491,0.143926,0.012488
1578,-0.077388,0.146564,-0.004354
1579,-0.072896,0.158350,-0.034109
1580,0.007135,0.114682,-0.018346
1581,-0.034503,0.076130,-0.022373
1582,-0.083891,0.080790,0.002295
1583,-0.083740,0.077240,0.004667
1584,-0.086205,0.080931,0.010535
1585,-0.086062,0.079931,0.014441
1586,-0.081543,0.077951,0.026727
1587,0.026666,0.112686,-0.010510
1588,-0.076041,0.156631,-0.021420
1589,-0.090012,0.150833,0.015753
1590,-0.071157,0.163351,-0.045361
1591,-0.033211,0.076873,-0.027708
1592,-0.073263,0.079984,-0.013750
1593,-0.079286,0.080049,-0.007013
1594,-0.086035,0.082646,0.019543
1595,-0.084335,0.080730,0.022180
1596,-0.071351,0.157271,-0.042183
1597,-0.073548,0.161208,-0.035288
1598,0.016733,0.109912,-0.017020
1599,-0.030979,0.077021,-0.032816
1600,-0.062359,0.175448,-0.061486
1601,-0.017588,0.114913,-0.017205
1602,-0.082354,0.080876,-0.002404
1603,-0.078579,0.140501,-0.004603
1604,-0.028931,0.079248,-0.035050
1605,-0.031226,0.080413,-0.032182
1606,-0.033259,0.079622,-0.027146
1607,-0.044697,0.117915,-0.014726
1608,-0.079724,0.084227,-0.008761
1609,-0.085042,0.083818,-0.000078
1610,-0.086776,0.084345,0.012419
1611,-0.086675,0.082665,0.015174
1612,-0.085106,0.085177,0.025679
1613,-0.076976,0.082936,-0.011451
1614,-0.082776,0.083431,-0.004369
1615,-0.086180,0.082572,0.006364
1616,-0.091161,0.141444,0.015674
1617,-0.074639,0.143985,-0.007150
1618,-0.083448,0.133933,-0.001687
1619,-0.075805,0.151345,-0.019881
1620,-0.074924,0.152730,-0.019397
1621,-0.052314,0.121596,-0.010798
1622,-0.030734,0.085428,-0.030507
1623,-0.032591,0.081943,-0.029100
1624,-0.086455,0.086940,0.000917
1625,-0.012502,0.106344,-0.022360
1626,-0.088586,0.146059,0.009878
1627,-0.085610,0.147125,0.006598
1628,-0.087511,0.150615,0.010152
1629,-0.060114,0.035550,0.044908
1630,-0.088284,0.086869,0.008103
1631,-0.088813,0.087765,0.014227
1632,-0.088001,0.086626,0.015467
1633,-0.086991,0.086445,0.022421
1634,-0.074610,0.147278,-0.014172
1635,-0.034708,0.084036,-0.024302
1636,-0.084965,0.089963,-0.003007
1637,-0.088091,0.087742,0.004849
1638,-0.091490,0.145432,0.022277
1639,-0.094380,0.121839,0.017904
1640,-0.029165,0.085393,-0.033667
1641,-0.030558,0.088626,-0.027551
1642,-0.077771,0.087845,-0.011695
1643,-0.080728,0.088204,-0.007800
1644,-0.083273,0.089477,-0.005650
1645,-0.089399,0.089539,0.011646
1646,-0.089698,0.139713,0.013775
1647,-0.077135,0.151512,-0.005582
1648,-0.051121,0.163741,-0.002664
1649,-0.086443,0.127674,-0.001486
1650,-0.069606,0.154908,-0.050189
1651,-0.087265,0.092110,0.004206
1652,-0.089086,0.092377,0.010570
1653,-0.089612,0.091600,0.017812
1654,-0.082732,0.141969,0.001253
1655,-0.072618,0.143681,-0.010987
1656,-0.077677,0.166110,-0.036777
1657,-0.015078,0.093863,-0.034317
1658,-0.071057,0.154769,-0.045779
1659,-0.092332,0.125239,0.009159
1660,-0.076047,0.091037,-0.013643
1661,-0.082943,0.093292,-0.006186
1662,-0.010411,0.094592,-0.033785
1663,-0.029331,0.114762,-0.015845
1664,-0.037218,0.115942,-0.015173
1665,-0.012430,0.102860,-0.023822
1666,0.006651,0.088145,-0.032946
1667,-0.006412,0.092876,-0.034818
1668,0.015800,0.119966,-0.011416
1669,0.029103,0.102475,-0.015768
1670,0.042081,0.063481,-0.002541
1671,0.028723,0.097943,-0.017497
1672,-0.019988,0.102783,-0.023393
1673,0.033748,0.083644,-0.018630
1674,-0.018686,0.186896,-0.020249
1675,0.006415,0.117902,-0.016283
1676,0.056305,0.067770,0.002653
1677,-0.005361,0.112894,-0.019613
1678,0.045769,0.064629,-0.001217
1679,-0.010091,0.098230,-0.027731
1680,-0.060459,0.117556,-0.011355
1681,0.012934,0.118873,-0.013979
1682,0.015236,0.094978,-0.024437
1683,-0.030893,0.047409,-0.024954
1684,-0.017766,0.185723,-0.023049
1685,-0.013035,0.110029,-0.020161
1686,-0.071207,0.038609,0.000772
1687,0.017905,0.106277,-0.017729
1688,-0.033623,0.118404,-0.011927
1689,-0.049907,0.117883,-0.014402
1690,-0.006688,0.117472,-0.015359
1691,-0.015451,0.185976,-0.024796
1692,-0.030604,0.038038,-0.030124
1693,-0.013220,0.183972,-0.027519
1694,-0.047859,0.111627,-0.017482
1695,-0.013099,0.090776,-0.036659
1696,-0.063117,0.154254,0.002973
1697,-0.055140,0.110516,-0.017673
1698,-0.011097,0.182023,-0.028042
1699,-0.026569,0.034696,-0.029114
1700,-0.006640,0.102222,-0.023519
1701,-0.056996,0.157417,0.000602
1702,0.019077,0.091871,-0.024890
1703,0.013473,0.124299,-0.006836
1704,-0.021730,0.098411,-0.024307
1705,-0.017142,0.098057,-0.024924
1706,-0.058698,0.151373,-0.000658
1707,0.003564,0.127649,-0.004467
1708,-0.008537,0.099921,-0.024351
1709,-0.012172,0.181251,-0.029061
1710,-0.061114,0.153052,0.001000
1711,-0.029571,0.117139,-0.013676
1712,0.030530,0.112212,-0.008186
1713,-0.031714,0.035112,-0.030659
1714,-0.013691,0.179147,-0.028126
1715,0.011621,0.115490,-0.016386
1716,-0.061994,0.150281,-0.001630
1717,0.036684,0.100996,-0.009849
1718,0.048513,0.071798,0.006001
1719,-0.000466,0.119837,-0.013611
1720,0.016747,0.090114,-0.027127
1721,0.006983,0.097730,-0.024800
1722,-0.043227,0.046264,-0.011772
1723,-0.008356,0.113736,-0.018240
1724,-0.012354,0.115568,-0.016487
1725,0.046834,0.074354,0.010139
1726,0.025319,0.109317,-0.013580
1727,-0.042459,0.113925,-0.016188
1728,0.057745,0.064158,0.002628
1729,-0.059711,0.036536,-0.009495
1730,-0.003208,0.109621,-0.021524
1731,0.027021,0.061346,-0.022292
1732,0.007103,0.101912,-0.021231
1733,-0.038226,0.124655,-0.007326
1734,0.025942,0.115764,-0.008219
1735,-0.061298,0.033900,-0.009322
1736,-0.059467,0.147440,-0.001889
1737,0.010507,0.100877,-0.022110
1738,0.033081,0.102734,-0.012787
1739,0.012518,0.104754,-0.019916
1740,0.023088,0.093999,-0.022211
1741,0.031555,0.092485,-0.018204
1742,0.006272,0.099910,-0.022297
1743,-0.040917,0.046122,-0.017943
1744,0.035407,0.098189,-0.012009
1745,0.009414,0.121219,-0.012938
1746,0.053735,0.072027,0.006801
1747,0.025620,0.118807,-0.005033
1748,-0.038150,0.042467,-0.026894
1749,-0.028212,0.111169,-0.018002
1750,-0.060254,0.143391,-0.003791
1751,0.019017,0.104015,-0.019333
1752,0.007545,0.091682,-0.031643
1753,-0.007076,0.122401,-0.011364
1754,-0.019048,0.096562,-0.027580
1755,-0.016953,0.106693,-0.022003
1756,-0.000673,0.101199,-0.022858
1757,-0.009018,0.125280,-0.007791
1758,-0.068136,0.180061,-0.058816
1759,-0.023600,0.115138,-0.015577
1760,-0.059831,0.042842,-0.006647
1761,0.053124,0.059012,-0.002885
1762,-0.036932,0.037107,-0.029714
1763,-0.056215,0.141392,-0.002803
1764,0.036696,0.103728,-0.007962
1765,-0.035885,0.120400,-0.010640
1766,-0.009357,0.085424,-0.038113
1767,-0.060127,0.120414,-0.009379
1768,-0.039843,0.121561,-0.011570
1769,0.028322,0.108480,-0.012623
1770,-0.001873,0.115939,-0.017169
1771,0.038648,0.090153,-0.012550
1772,-0.001736,0.092244,-0.034310
1773,0.050001,0.061612,-0.003465
1774,0.055859,0.062910,0.000690
1775,0.020462,0.115154,-0.013104
1776,-0.015166,0.117981,-0.014466
1777,-0.070860,0.071510,0.033895
1778,0.022674,0.086606,-0.024925
1779,0.035359,0.087439,-0.017109
1780,0.018401,0.121455,-0.007680
1781,-0.025426,0.041421,-0.029205
1782,-0.008209,0.096777,-0.030810
1783,-0.056811,0.033874,-0.011166
1784,-0.034589,0.044745,-0.027123
1785,-0.040252,0.118275,-0.013674
1786,0.016387,0.114023,-0.015497
1787,0.042635,0.060797,-0.003458
1788,-0.050687,0.035936,-0.012381
1789,0.007345,0.094510,-0.029683
1790,-0.019707,0.092917,-0.034637
1791,-0.012083,0.122192,-0.009712
1792,0.048806,0.068458,0.001695
1793,-0.003087,0.098403,-0.027403
1794,-0.053199,0.136729,-0.001658
1795,-0.047290,0.130554,0.001691
1796,0.004465,0.120440,-0.013931
1797,-0.002385,0.122905,-0.010382
1798,-0.024833,0.095858,-0.025162
1799,-0.042297,0.036292,-0.027254
1800,-0.054388,0.134049,-0.003992
1801,-0.050539,0.133367,-0.001087
1802,0.002604,0.096943,-0.028407
1803,-0.007816,0.128212,-0.001943
1804,0.006511,0.130025,0.000929
1805,0.034743,0.092274,-0.015655
1806,-0.067788,0.180889,-0.058191
1807,-0.033715,0.111516,-0.018078
1808,0.004463,0.124273,-0.009429
1809,-0.023370,0.093393,-0.032032
1810,-0.048982,0.129806,-0.001323
1811,-0.000782,0.128229,-0.003249
1812,0.002496,0.089858,-0.033628
1813,0.007455,0.111968,-0.019554
1814,0.028791,0.091157,-0.020370
1815,-0.053590,0.124375,-0.007347
1816,-0.047744,0.120644,-0.012813
1817,-0.019616,0.121092,-0.009549
1818,-0.065047,0.179991,-0.059759
1819,-0.051704,0.037620,-0.011763
1820,-0.052124,0.129298,-0.004119
1821,-0.045334,0.128915,0.001582
1822,-0.003047,0.129195,-0.001069
1823,0.007213,0.127220,-0.005207
1824,0.011669,0.127202,-0.003185
1825,0.053056,0.069709,0.003129
1826,-0.063021,0.178110,-0.060394
1827,0.028205,0.064391,-0.020698
1828,0.034400,0.105030,-0.010225
1829,0.030975,0.107902,-0.011058
1830,-0.048984,0.114805,-0.015967
1831,-0.032822,0.123005,-0.005909
1832,-0.050793,0.127165,-0.004818
1833,-0.035302,0.125478,-0.003154
1834,0.056455,0.069951,0.004919
1835,-0.016240,0.125122,-0.003650
1836,-0.016970,0.111198,-0.019586
1837,-0.054088,0.039781,-0.010545
1838,-0.034190,0.047514,-0.022302
1839,0.013699,0.093914,-0.026428
1840,0.000880,0.099235,-0.024356
1841,-0.046459,0.127240,-0.004884
1842,-0.041736,0.126876,-0.004174
1843,-0.021000,0.123136,-0.006119
1844,-0.012130,0.125726,-0.005201
1845,-0.004382,0.126408,-0.006950
1846,0.001409,0.034782,-0.023265
1847,-0.014846,0.035071,-0.026072
1848,-0.021399,0.034795,-0.027959
1849,0.012009,0.035962,-0.021736
1850,0.003825,0.036129,-0.023878
1851,-0.051140,0.096618,-0.022095
1852,-0.054813,0.098102,-0.021425
1853,-0.027597,0.169798,-0.018170
1854,0.013360,0.039377,-0.022496
1855,0.004392,0.038674,-0.024170
1856,-0.006848,0.036445,-0.025177
1857,-0.013280,0.037700,-0.026392
1858,-0.047673,0.036117,-0.013301
1859,-0.045590,0.108538,-0.018797
1860,-0.050096,0.109909,-0.018505
1861,-0.065767,0.036470,-0.007207
1862,-0.023456,0.168247,-0.018823
1863,-0.004592,0.038405,-0.025413
1864,-0.024954,0.037441,-0.029153
1865,0.029008,0.037358,-0.000275
1866,-0.007947,0.041490,-0.025911
1867,-0.016804,0.039754,-0.027565
1868,-0.065156,0.140345,-0.007685
1869,-0.047080,0.040701,-0.011870
1870,-0.068471,0.037478,-0.004956
1871,0.037327,0.040210,-0.000859
1872,0.035350,0.041257,-0.002808
1873,0.005182,0.041536,-0.024066
1874,0.018661,0.100308,-0.022127
1875,-0.060511,0.107484,-0.017042
1876,-0.062374,0.040146,-0.007404
1877,0.025457,0.039484,-0.004025
1878,-0.000228,0.043395,-0.025124
1879,-0.008109,0.043439,-0.026140
1880,-0.017362,0.043237,-0.027665
1881,-0.026417,0.044674,-0.028210
1882,0.003806,0.109443,-0.020204
1883,-0.058232,0.095690,-0.020616
1884,-0.066122,0.042341,-0.002754
1885,-0.060960,0.094173,-0.019016
1886,0.031352,0.042649,-0.004674
1887,-0.033541,0.036343,0.049090
1888,0.017253,0.044336,-0.023067
1889,0.010638,0.044162,-0.024926
1890,0.004384,0.045807,-0.026789
1891,-0.008251,0.045149,-0.028441
1892,-0.015748,0.045044,-0.027878
1893,0.028990,0.044698,-0.006186
1894,0.008169,0.045053,-0.025179
1895,-0.000963,0.045378,-0.027308
1896,-0.001703,0.047819,-0.029929
1897,-0.031536,0.044740,-0.028079
1898,-0.033620,0.156915,-0.011025
1899,-0.050751,0.043110,-0.010019
1900,0.036891,0.047353,-0.006106
1901,0.024976,0.042645,-0.007017
1902,0.024562,0.048370,-0.019673
1903,0.013964,0.045579,-0.024707
1904,0.013376,0.048630,-0.026551
1905,0.003731,0.048128,-0.029026
1906,-0.008795,0.047057,-0.029882
1907,-0.013754,0.051865,-0.032243
1908,-0.021201,0.046657,-0.027951
1909,0.039694,0.045659,-0.004527
1910,0.033627,0.048718,-0.006390
1911,-0.065352,0.099295,-0.016820
1912,0.001287,0.050384,-0.030357
1913,-0.008180,0.049846,-0.031071
1914,-0.017184,0.048211,-0.029742
1915,-0.026049,0.047693,-0.026150
1916,-0.084747,0.110784,0.039488
1917,-0.051317,0.048271,-0.007931
1918,-0.082507,0.127655,-0.004680
1919,0.038664,0.051697,-0.006691
1920,-0.075643,0.099440,-0.011928
1921,0.020284,0.051349,-0.024895
1922,0.005944,0.050977,-0.029119
1923,-0.025528,0.051473,-0.026885
1924,-0.035563,0.049400,-0.012865
1925,-0.042819,0.162202,-0.010338
1926,-0.065594,0.176657,-0.060505
1927,-0.034151,0.174428,-0.013313
1928,0.043673,0.050162,-0.005984
1929,-0.050342,0.155462,-0.005193
1930,0.025464,0.054030,-0.021691
1931,0.010150,0.049259,-0.027751
1932,-0.022043,0.053612,-0.030136
1933,-0.032876,0.051678,-0.010889
1934,-0.037614,0.049535,-0.011626
1935,-0.040751,0.049285,-0.011286
1936,-0.046385,0.047491,-0.010086
1937,0.044473,0.053293,-0.006333
1938,0.033206,0.051021,-0.007238
1939,0.015678,0.051169,-0.026398
1940,0.006834,0.055010,-0.030561
1941,0.002142,0.055503,-0.031334
1942,0.000593,0.052868,-0.030514
1943,-0.003648,0.051869,-0.031458
1944,-0.009425,0.055399,-0.033654
1945,-0.019302,0.058225,-0.033920
1946,-0.061084,0.133862,-0.007225
1947,-0.043310,0.055657,-0.011402
1948,-0.061081,0.168338,-0.059192
1949,0.047575,0.052944,-0.005130
1950,-0.037403,0.111508,-0.018243
1951,0.019972,0.054410,-0.027108
1952,0.005397,0.058383,-0.030904
1953,-0.010604,0.053603,-0.033403
1954,-0.034998,0.052332,-0.010347
1955,-0.046471,0.051304,-0.009830
1956,-0.067945,0.114936,-0.009511
1957,-0.071048,0.151611,-0.044679
1958,-0.005890,0.034791,-0.024224
1959,0.016842,0.055556,-0.028285
1960,0.010711,0.054688,-0.029768
1961,-0.001183,0.059492,-0.033361
1962,-0.005233,0.055689,-0.032840
1963,-0.051706,0.052471,-0.007405
1964,-0.052626,0.060044,-0.008957
1965,-0.072599,0.097763,-0.014435
1966,0.044331,0.055818,-0.006036
1967,0.038463,0.054935,-0.006182
1968,0.038839,0.057808,-0.005258
1969,-0.009202,0.059510,-0.034437
1970,-0.035263,0.055285,-0.010545
1971,-0.038336,0.054504,-0.010905
1972,-0.017728,0.036290,0.052222
1973,0.050006,0.058096,-0.004621
1974,0.046134,0.059279,-0.004777
1975,0.015110,0.059820,-0.028646
1976,0.010312,0.057587,-0.029995
1977,-0.006135,0.060257,-0.034696
1978,-0.012318,0.059396,-0.035269
1979,-0.014467,0.063136,-0.036866
1980,-0.046650,0.059841,-0.012136
1981,-0.056572,0.124803,-0.007189
1982,-0.079237,0.120554,-0.005674
1983,-0.079335,0.125607,-0.006118
1984,0.022340,0.058492,-0.026014
1985,0.007627,0.062098,-0.031136
1986,0.003310,0.060457,-0.032481
1987,-0.016812,0.061275,-0.035929
1988,-0.032492,0.057196,-0.012105
1989,-0.034108,0.061467,-0.013053
1990,-0.033897,0.057025,-0.011048
1991,-0.038624,0.058303,-0.011506
1992,-0.045008,0.062724,-0.013390
1993,-0.056896,0.133987,-0.005627
1994,-0.044854,0.157460,-0.008673
1995,-0.078610,0.069657,0.011811
1996,-0.023730,0.101862,-0.023836
1997,-0.028123,0.099322,-0.023580
1998,-0.050077,0.149977,-0.003642
1999,-0.033048,0.095959,-0.023426
2000,0.019520,0.062065,-0.027292
2001,-0.038865,0.103340,-0.020641
2002,-0.048953,0.056281,-0.010221
2003,-0.053993,0.144987,-0.001109
2004,-0.045531,0.098511,-0.021730
2005,-0.050911,0.100746,-0.021619
2006,0.023246,0.062793,-0.025048
2007,0.009741,0.063181,-0.031141
2008,-0.000866,0.064560,-0.034491
2009,-0.008526,0.064002,-0.035850
2010,-0.048451,0.064794,-0.013030
2011,-0.052325,0.106148,-0.019271
2012,-0.055265,0.102167,-0.019897
2013,-0.059042,0.099032,-0.019223
2014,-0.057847,0.104335,-0.018526
2015,-0.027113,0.173322,-0.018539
2016,0.022832,0.067083,-0.026298
2017,0.014519,0.064596,-0.029856
2018,0.011471,0.067581,-0.030901
2019,-0.017739,0.066261,-0.037657
2020,-0.065060,0.134521,-0.008090
2021,-0.075829,0.142446,-0.005809
2022,-0.041362,0.061637,-0.012814
2023,-0.056148,0.061922,-0.005754
2024,-0.062126,0.062845,-0.004520
2025,-0.037292,0.164491,-0.013627
2026,-0.019819,0.165095,-0.017609
2027,0.006288,0.065416,-0.032563
2028,-0.005925,0.069516,-0.035933
2029,-0.010539,0.067999,-0.036517
2030,-0.035386,0.066817,-0.015435
2031,-0.053994,0.064639,-0.009325
2032,-0.063852,0.065572,-0.006939
2033,-0.063921,0.127742,-0.008549
2034,-0.026941,0.036184,0.053352
2035,0.019619,0.067007,-0.028356
2036,0.012275,0.069934,-0.031553
2037,0.005427,0.068248,-0.032731
2038,-0.004408,0.066619,-0.034870
2039,-0.021911,0.067145,-0.036536
2040,-0.045643,0.154669,-0.007297
2041,-0.051673,0.066851,-0.012120
2042,-0.058105,0.066466,-0.010044
2043,-0.056992,0.143119,-0.002240
2044,-0.080651,0.131199,-0.004440
2045,-0.056544,0.128509,-0.006201
2046,0.017758,0.070139,-0.029405
2047,0.006498,0.070792,-0.033525
2048,0.000758,0.070434,-0.034463
2049,-0.013236,0.069293,-0.037917
2050,-0.067391,0.118897,-0.008730
2051,-0.038120,0.064162,-0.013829
2052,0.001853,0.113034,-0.019794
2053,-0.075951,0.068171,0.018118
2054,-0.010002,0.072671,-0.037661
2055,-0.017976,0.070614,-0.038444
2056,-0.023036,0.072778,-0.038073
2057,-0.026120,0.071177,-0.035452
2058,-0.068535,0.139294,-0.007805
2059,-0.035263,0.071068,-0.018012
2060,-0.041558,0.069774,-0.016774
2061,-0.052832,0.070299,-0.014865
2062,-0.066979,0.067639,-0.006809
2063,-0.010244,0.178958,-0.029539
2064,-0.075273,0.126801,-0.008024
2065,-0.087360,0.112483,0.042049
2066,0.008750,0.074302,-0.033398
2067,-0.064250,0.160450,-0.057041
2068,-0.044354,0.073372,-0.017874
2069,-0.045763,0.069445,-0.015929
2070,-0.047957,0.072543,-0.016107
2071,-0.057823,0.069538,-0.014416
2072,-0.072072,0.071538,-0.007471
2073,0.025473,0.074094,-0.024939
2074,0.015720,0.073756,-0.029748
2075,0.004821,0.073764,-0.034552
2076,-0.002253,0.073921,-0.035887
2077,-0.007383,0.074800,-0.037224
2078,-0.020225,0.077095,-0.039044
2079,-0.034016,0.072101,-0.020823
2080,-0.038493,0.072840,-0.017502
2081,-0.064393,0.073116,-0.015335
2082,-0.064481,0.070187,-0.012262
2083,-0.023854,0.161645,-0.014504
2084,0.022104,0.072693,-0.026900
2085,0.015532,0.076587,-0.029607
2086,0.011574,0.074861,-0.031384
2087,-0.014732,0.077641,-0.038491
2088,-0.016019,0.074289,-0.038864
2089,-0.051104,0.073072,-0.016243
2090,-0.057990,0.074018,-0.017522
2091,-0.069608,0.072323,-0.010934
2092,-0.075996,0.117141,-0.006558
2093,-0.037988,0.107515,-0.019976
2094,0.010696,0.079889,-0.032010
2095,-0.005343,0.078265,-0.037477
2096,-0.026082,0.076191,-0.036780
2097,-0.039161,0.157189,-0.010581
2098,-0.065610,0.075860,-0.016750
2099,-0.070178,0.075663,-0.013839
2100,-0.074291,0.074808,-0.009354
2101,-0.063429,0.171854,-0.061412
2102,0.030685,0.075727,-0.020778
2103,0.019305,0.079018,-0.027744
2104,-0.008599,0.079339,-0.037905
2105,-0.023200,0.076568,-0.038387
2106,-0.038118,0.076390,-0.018644
2107,-0.044231,0.077664,-0.019027
2108,-0.051025,0.075705,-0.018187
2109,-0.070595,0.129948,-0.008763
2110,0.028148,0.078785,-0.022432
2111,0.007602,0.079436,-0.033715
2112,0.004950,0.078027,-0.034410
2113,-0.015858,0.081166,-0.039186
2114,-0.018502,0.083344,-0.039011
2115,-0.079739,0.136069,-0.004148
2116,-0.030980,0.166347,-0.016241
2117,-0.035750,0.077248,-0.019374
2118,-0.048945,0.079086,-0.019576
2119,-0.055066,0.078089,-0.019755
2120,0.023706,0.080240,-0.025450
2121,0.012254,0.083457,-0.030772
2122,0.001855,0.084693,-0.034839
2123,-0.000209,0.078941,-0.035782
2124,-0.000427,0.082947,-0.036381
2125,-0.004410,0.082795,-0.037467
2126,-0.033202,0.105783,-0.020648
2127,-0.039207,0.081536,-0.020571
2128,-0.060355,0.079767,-0.019376
2129,-0.041772,0.103967,-0.020833
2130,-0.011204,0.082713,-0.038490
2131,-0.023181,0.081687,-0.038329
2132,-0.027233,0.080571,-0.036621
2133,-0.035470,0.080196,-0.022326
2134,-0.044864,0.081998,-0.020474
2135,-0.050648,0.082309,-0.021366
2136,-0.055523,0.081928,-0.021354
2137,-0.088090,0.111355,0.018516
2138,-0.072036,0.111079,0.045361
2139,-0.033360,0.169864,-0.015449
2140,-0.066839,0.062171,0.021577
2141,0.030731,0.081969,-0.020040
2142,0.016224,0.086480,-0.028952
2143,-0.069856,0.100279,-0.014848
2144,-0.063836,0.081705,-0.018909
2145,-0.067915,0.080136,-0.017128
2146,-0.045752,0.163408,-0.008178
2147,0.011728,0.088011,-0.030860
2148,0.007333,0.085270,-0.032829
2149,-0.003436,0.087018,-0.036461
2150,-0.026964,0.084513,-0.036362
2151,-0.036553,0.085316,-0.022576
2152,-0.038791,0.085233,-0.021918
2153,-0.057677,0.086258,-0.021098
2154,-0.062582,0.086395,-0.019169
2155,-0.071395,0.124688,-0.008594
2156,0.014802,0.099041,-0.022843
2157,-0.021163,0.174919,-0.021977
2158,-0.014824,0.087289,-0.038317
2159,-0.023286,0.089468,-0.036027
2160,-0.051596,0.084422,-0.021601
2161,-0.069481,0.085656,-0.017198
2162,-0.070917,0.107548,-0.011497
2163,0.030145,0.086284,-0.020408
2164,-0.055578,0.115677,-0.014646
2165,-0.008098,0.089070,-0.036552
2166,-0.081206,0.112051,-0.000883
2167,-0.018772,0.089838,-0.036992
2168,-0.021100,0.086588,-0.037849
2169,-0.025810,0.088890,-0.035082
2170,-0.048985,0.090732,-0.021817
2171,-0.035875,0.034776,-0.030845
2172,-0.033164,0.033607,-0.029722
2173,-0.025964,0.033487,-0.026321
2174,-0.016718,0.033612,-0.024625
2175,-0.005349,0.033829,-0.022600
2176,0.006484,0.034293,-0.020855
2177,0.013950,0.034880,-0.018613
2178,-0.042466,0.034189,-0.027261
2179,-0.033241,0.033579,-0.026719
2180,0.006281,0.034166,-0.018764
2181,-0.044266,0.033664,-0.021914
2182,-0.023671,0.033631,-0.023218
2183,-0.011559,0.033895,-0.021054
2184,-0.002041,0.034054,-0.019331
2185,0.001732,0.034460,-0.016608
2186,-0.027316,0.033910,-0.021354
2187,-0.013371,0.034362,-0.019024
2188,0.009589,0.034207,-0.015424
2189,-0.014982,0.035878,-0.017992
2190,-0.002347,0.035903,-0.015930
2191,0.002254,0.036412,-0.014784
2192,-0.035199,0.033835,-0.020508
2193,-0.026075,0.035919,-0.019405
2194,0.008274,0.035645,-0.012649
2195,0.010474,0.034743,-0.011263
2196,0.014055,0.034483,-0.014496
2197,-0.036971,0.035680,-0.015008
2198,-0.002472,0.038409,-0.014159
2199,-0.039482,0.033618,-0.023612
2200,-0.041092,0.034006,-0.011998
2201,-0.031590,0.035592,-0.019204
2202,-0.020086,0.038064,-0.017221
2203,-0.011113,0.038290,-0.015646
2204,0.004452,0.037705,-0.012958
2205,0.015870,0.034416,-0.002967
2206,-0.047872,0.034136,-0.015418
2207,-0.047522,0.033623,-0.012805
2208,-0.033407,0.037577,-0.016158
2209,-0.027851,0.038404,-0.017210
2210,-0.008507,0.039029,-0.013001
2211,0.006455,0.038165,-0.010165
2212,0.007415,0.034659,-0.003012
2213,0.011966,0.034335,-0.005957
2214,0.020415,0.035568,-0.003781
2215,-0.019289,0.038763,-0.014203
2216,-0.001139,0.039177,-0.010381
2217,0.003815,0.039024,-0.008083
2218,0.007521,0.036733,-0.006761
2219,0.019968,0.034844,-0.001898
2220,-0.045058,0.033600,-0.012528
2221,-0.030755,0.038640,-0.014051
2222,-0.051500,0.033729,-0.012083
2223,-0.023757,0.038586,-0.011093
2224,0.003973,0.038209,-0.003796
2225,0.009549,0.034233,0.001716
2226,0.029087,0.035800,0.003563
2227,-0.055965,0.033530,-0.009125
2228,-0.019524,0.038505,-0.004543
2229,0.016363,0.034395,0.002295
2230,0.021325,0.034624,0.005644
2231,-0.039670,0.036174,-0.007340
2232,-0.014252,0.038648,-0.004303
2233,0.002326,0.035348,0.002325
2234,0.014014,0.035704,0.003888
2235,0.015323,0.036240,0.003663
2236,0.023753,0.034671,0.003989
2237,0.032369,0.035816,0.007025
2238,-0.063716,0.033777,-0.008007
2239,-0.064267,0.033563,-0.005125
2240,-0.038067,0.038519,-0.007308
2241,-0.009431,0.038888,-0.007485
2242,0.003968,0.034200,0.004975
2243,0.009429,0.036030,0.004528
2244,0.029859,0.034980,0.009835
2245,-0.052730,0.033498,-0.001812
2246,-0.041271,0.033855,-0.001880
2247,-0.003111,0.038946,-0.002779
2248,0.006219,0.035134,0.006549
2249,0.020898,0.035937,0.008785
2250,0.035606,0.036527,0.009816
2251,-0.067078,0.033840,-0.006169
2252,-0.000811,0.037424,0.004772
2253,0.003149,0.034125,0.011762
2254,0.004917,0.033997,0.009167
2255,0.025131,0.034547,0.011013
2256,0.028249,0.035046,0.016017
2257,-0.067033,0.065146,0.027293
2258,-0.046380,0.033605,-0.000894
2259,-0.033163,0.038195,-0.000525
2260,-0.032074,0.038323,-0.000421
2261,-0.021693,0.038266,0.004510
2262,0.023931,0.034817,0.017739
2263,0.042719,0.039977,0.008932
2264,-0.058604,0.033462,-0.000217
2265,-0.037314,0.033633,0.004572
2266,-0.010424,0.038489,0.006229
2267,-0.001390,0.038651,0.002397
2268,-0.000308,0.035462,0.008261
2269,-0.001409,0.036193,0.012945
2270,0.022253,0.036583,0.013980
2271,-0.070962,0.034346,-0.000784
2272,-0.069066,0.033718,-0.000198
2273,-0.064826,0.033506,0.002822
2274,-0.047060,0.033502,0.003565
2275,-0.003695,0.038173,0.013047
2276,0.033476,0.036447,0.016267
2277,0.037250,0.037510,0.014816
2278,-0.045676,0.033704,0.006430
2279,-0.038639,0.033937,0.008551
2280,-0.009506,0.038353,0.015571
2281,0.021500,0.035807,0.018169
2282,0.044876,0.041231,0.016008
2283,-0.072474,0.036256,0.001553
2284,-0.071498,0.034453,0.004203
2285,-0.027791,0.038063,0.007938
2286,-0.016556,0.038286,0.010216
2287,0.008104,0.034843,0.018135
2288,0.023589,0.035891,0.025338
2289,0.041261,0.040585,0.020752
2290,-0.051351,0.033646,0.008033
2291,-0.047104,0.035549,0.008080
2292,-0.001410,0.037000,0.016982
2293,0.000917,0.034803,0.015635
2294,0.002889,0.034636,0.018850
2295,0.013279,0.034380,0.021424
2296,0.014323,0.034426,0.021593
2297,0.017490,0.034646,0.022041
2298,0.029868,0.036249,0.019872
2299,-0.039222,0.036326,0.010790
2300,-0.030307,0.033995,0.014706
2301,0.020081,0.035173,0.028019
2302,0.024989,0.038105,0.029430
2303,0.033584,0.038304,0.022929
2304,0.049016,0.044574,0.020659
2305,-0.058226,0.066607,0.035050
2306,-0.067331,0.033846,0.008727
2307,-0.034692,0.033829,0.012439
2308,-0.029803,0.034287,0.016353
2309,0.001702,0.036311,0.021180
2310,0.045137,0.044625,0.025517
2311,-0.068876,0.110222,0.039005
2312,-0.057681,0.033623,0.014040
2313,-0.053211,0.033585,0.013987
2314,-0.035712,0.035892,0.015503
2315,-0.028862,0.035397,0.017350
2316,-0.026580,0.037743,0.015705
2317,-0.001097,0.038148,0.020427
2318,0.035048,0.040974,0.026970
2319,-0.069685,0.034479,0.009798
2320,-0.054019,0.033310,0.015848
2321,0.004482,0.037118,0.024755
2322,0.006661,0.035205,0.024316
2323,0.008383,0.034749,0.024057
2324,0.038883,0.041033,0.024977
2325,-0.002644,0.038727,0.025131
2326,0.003222,0.038708,0.025899
2327,0.009002,0.036891,0.028482
2328,0.013197,0.034836,0.031631
2329,0.022292,0.037053,0.033101
2330,0.028948,0.039160,0.027235
2331,-0.087773,0.111814,0.037144
2332,-0.017870,0.038204,0.020243
2333,0.010087,0.037048,0.030823
2334,0.042297,0.045436,0.029041
2335,-0.084341,0.113880,0.046513
2336,-0.073796,0.108956,0.039217
2337,-0.051243,0.064239,0.034258
2338,-0.061777,0.034018,0.016901
2339,-0.036665,0.035304,0.023032
2340,-0.014930,0.038644,0.029378
2341,-0.080895,0.109672,0.037910
2342,-0.089823,0.113872,0.032845
2343,-0.069656,0.068728,0.031128
2344,-0.078450,0.109888,0.042518
2345,-0.075824,0.107949,0.037129
2346,-0.055741,0.034128,0.026674
2347,-0.038280,0.035429,0.024381
2348,-0.035283,0.034180,0.022745
2349,-0.025798,0.037865,0.019981
2350,0.006906,0.039004,0.029549
2351,0.015449,0.034852,0.036985
2352,0.019128,0.035641,0.036642
2353,-0.063665,0.066048,0.031828
2354,0.039605,0.044940,0.029992
2355,-0.080294,0.071702,0.015995
2356,-0.054185,0.067323,0.036936
2357,-0.073110,0.148472,-0.028748
2358,-0.059000,0.073752,0.041197
2359,-0.059521,0.061040,-0.002375
2360,-0.062792,0.034597,0.023506
2361,-0.041896,0.033668,0.026940
2362,0.008981,0.037639,0.033901
2363,0.008529,0.034888,0.036265
2364,-0.089804,0.114981,0.042772
2365,-0.065545,0.074430,0.039168
2366,-0.064644,0.061723,0.000226
2367,0.005250,0.039507,0.033271
2368,0.020250,0.037033,0.039327
2369,-0.067006,0.063293,-0.001749
2370,-0.064480,0.060651,0.004234
2371,-0.057220,0.057000,0.004918
2372,-0.074363,0.072437,0.031430
2373,-0.062019,0.034343,0.031883
2374,-0.046871,0.034444,0.030513
2375,-0.020814,0.038401,0.027868
2376,0.016439,0.035635,0.041281
2377,-0.069087,0.112050,0.045320
2378,-0.071812,0.148613,-0.034639
2379,-0.069539,0.063075,0.003576
2380,-0.084864,0.078392,0.016462
2381,-0.091189,0.115889,0.024706
2382,-0.088828,0.113592,0.023874
2383,-0.071303,0.113254,0.049445
2384,-0.054877,0.070282,0.038828
2385,-0.077209,0.107159,0.034738
2386,-0.061242,0.059007,0.008092
2387,-0.065886,0.035025,0.029417
2388,-0.057889,0.034420,0.036266
2389,-0.051848,0.034470,0.034635
2390,-0.034835,0.034721,0.034578
2391,-0.030985,0.038192,0.032390
2392,-0.004961,0.039365,0.036702
2393,0.012224,0.035177,0.042621
2394,-0.074898,0.114589,0.050776
2395,-0.080469,0.113580,0.046643
2396,-0.074108,0.069586,0.027264
2397,-0.079003,0.076339,0.029248
2398,-0.065297,0.034779,0.033744
2399,-0.033656,0.034344,0.036914
2400,0.004932,0.034815,0.043462
2401,0.011347,0.036213,0.044652
2402,-0.060569,0.071155,0.038654
2403,-0.088979,0.114509,0.028446
2404,-0.068544,0.061090,0.010558
2405,-0.082711,0.116490,0.048519
2406,-0.041913,0.034468,0.033200
2407,-0.011290,0.039529,0.038844
2408,-0.002826,0.034885,0.045611
2409,-0.064561,0.059484,0.013062
2410,-0.058581,0.057801,0.013430
2411,-0.023320,0.039170,0.038473
2412,-0.018160,0.039322,0.039403
2413,-0.016471,0.034813,0.043685
2414,0.003291,0.035833,0.046025
2415,-0.085230,0.112007,0.030417
2416,-0.085645,0.111317,0.034235
2417,-0.074530,0.066681,0.004695
2418,-0.071113,0.062751,0.008800
2419,-0.061149,0.058834,0.016539
2420,-0.046912,0.034627,0.039740
2421,-0.040760,0.034668,0.040493
2422,-0.026323,0.034658,0.043474
2423,-0.003184,0.036230,0.047873
2424,-0.079940,0.109167,0.034120
2425,-0.059712,0.063165,0.028789
2426,-0.051177,0.068062,0.037398
2427,-0.050127,0.070933,0.039481
2428,-0.072790,0.064400,0.015206
2429,-0.068511,0.061215,0.015354
2430,-0.039343,0.035440,0.042493
2431,-0.008131,0.035008,0.047502
2432,-0.066081,0.070203,0.035553
2433,-0.068603,0.149923,-0.040051
2434,-0.071722,0.067023,0.024960
2435,-0.075115,0.066557,0.010244
2436,-0.065147,0.035946,0.039775
2437,-0.036899,0.035925,0.044794
2438,-0.009478,0.035978,0.049434
2439,-0.085176,0.117068,0.048139
2440,-0.063366,0.062790,0.025648
2441,-0.066633,0.061002,0.018101
2442,-0.058168,0.059985,0.022606
2443,-0.064212,0.034993,0.039402
2444,-0.053426,0.034560,0.042782
2445,-0.018031,0.034860,0.049265
2446,-0.011440,0.037641,0.050276
2447,-0.075165,0.111543,0.046707
2448,-0.077168,0.069826,0.005061
2449,-0.072801,0.064383,0.012089
2450,-0.078022,0.070995,0.021322
2451,-0.061263,0.034690,0.041995
2452,-0.054404,0.035007,0.044875
2453,-0.045754,0.035207,0.043518
2454,-0.033832,0.035169,0.046958
2455,-0.028658,0.035083,0.050549
2456,-0.015306,0.035246,0.050134
2457,-0.065284,0.155924,-0.049866
2458,-0.066468,0.148715,-0.031579
2459,-0.062096,0.163883,-0.058386
2460,-0.063275,0.152457,-0.032222
2461,-0.043756,0.147734,-0.002143
2462,-0.065697,0.145616,-0.018975
2463,-0.066714,0.153588,-0.049097
2464,-0.010483,0.166683,-0.021746
2465,-0.062745,0.163975,-0.059398
2466,-0.070413,0.141292,-0.008459
2467,-0.061530,0.140376,-0.006273
2468,-0.011452,0.172206,-0.026845
2469,-0.063731,0.165770,-0.060104
2470,-0.028219,0.157581,-0.010999
2471,-0.018471,0.159677,-0.011170
2472,-0.066701,0.152368,-0.045266
2473,-0.049896,0.146709,-0.001861
2474,-0.031450,0.154605,-0.007680
2475,-0.067448,0.155077,-0.051594
2476,-0.010907,0.176493,-0.029246
2477,-0.072084,0.149656,-0.039266
2478,-0.064231,0.148778,-0.025900
2479,-0.063057,0.143416,-0.007491
2480,-0.053043,0.140925,-0.000474
2481,-0.039269,0.152052,-0.006620
2482,-0.064797,0.152106,-0.036186
2483,-0.064400,0.158344,-0.054256
2484,-0.066178,0.142183,-0.009377
2485,-0.067751,0.146052,-0.023333
2486,-0.064732,0.154101,-0.040465
2487,-0.024266,0.156877,-0.007851
2488,-0.015723,0.163123,-0.016397
2489,-0.070888,0.144046,-0.014908
2490,-0.044342,0.151138,-0.005686
2491,-0.062897,0.146948,-0.013099
2492,-0.063755,0.144289,-0.011396
2493,-0.068215,0.143909,-0.014984
2494,-0.050271,0.143366,0.001515
2495,-0.028536,0.162085,-0.014786
2496,-0.065811,0.143591,-0.012585
2497,-0.056179,0.137744,-0.004067
2498,-0.068867,0.147233,-0.028740
2499,-0.060965,0.170021,-0.060839
2500,-0.013895,0.167872,-0.021897
2501,-0.069413,0.151218,-0.044539
2502,-0.055040,0.057310,0.016991
